Terminal: [6]
 Agents at terminal: 30
Agent ID; Capacity; starttime; endtime; start loc; end loc
3;4;315;2270;402;402
6;4;315;2270;402;402
8;4;315;2270;402;402
16;4;315;2270;402;402
17;4;315;2270;402;402
19;4;315;2270;402;402
20;4;315;2270;402;402
21;4;315;2270;402;402
32;4;315;2270;402;402
39;4;315;2270;402;402
40;4;315;2270;402;402
56;4;315;2270;402;402
57;4;315;2270;402;402
66;4;315;2270;402;402
71;4;315;2270;402;402
77;4;315;2270;402;402
86;4;315;2270;402;402
94;4;315;2270;402;402
105;4;315;2270;402;402
106;4;315;2270;402;402
127;4;315;2270;402;402
128;4;315;2270;402;402
135;4;315;2270;402;402
137;4;315;2270;402;402
138;4;315;2270;402;402
139;4;315;2270;402;402
140;4;315;2270;402;402
161;4;315;2270;402;402
167;4;315;2270;402;402
168;4;315;2270;402;402
Terminal: [1]
 Agents at terminal: 1
Agent ID; Capacity; starttime; endtime; start loc; end loc
-38;4;315;2270;403;403
Terminal: [2]
 Agents at terminal: 5
Agent ID; Capacity; starttime; endtime; start loc; end loc
-37;4;315;2270;394;394
-36;4;315;2270;394;394
-35;4;315;2270;394;394
-34;4;315;2270;394;394
-33;4;315;2270;394;394
Terminal: [5]
 Agents at terminal: 0
Agent ID; Capacity; starttime; endtime; start loc; end loc
Terminal: [7]
 Agents at terminal: 31
Agent ID; Capacity; starttime; endtime; start loc; end loc
-32;4;315;2270;396;396
-31;4;315;2270;396;396
-30;4;315;2270;396;396
-29;4;315;2270;396;396
-28;4;315;2270;396;396
-27;4;315;2270;396;396
-26;4;315;2270;396;396
-25;4;315;2270;396;396
-24;4;315;2270;396;396
-23;4;315;2270;396;396
-22;4;315;2270;396;396
-21;4;315;2270;396;396
-20;4;315;2270;396;396
-19;4;315;2270;396;396
-18;4;315;2270;396;396
-17;4;315;2270;396;396
-16;4;315;2270;396;396
-15;4;315;2270;396;396
-14;4;315;2270;396;396
-13;4;315;2270;396;396
-12;4;315;2270;396;396
-11;4;315;2270;396;396
-10;4;315;2270;396;396
-9;4;315;2270;396;396
-8;4;315;2270;396;396
-7;4;315;2270;396;396
-6;4;315;2270;396;396
-5;4;315;2270;396;396
-4;4;315;2270;396;396
-3;4;315;2270;396;396
-2;4;315;2270;396;396
Terminal: [8]
 Agents at terminal: 4
Agent ID; Capacity; starttime; endtime; start loc; end loc
-1;4;315;2270;397;397
165;4;315;2270;397;397
83;4;315;2270;397;397
18;4;315;2270;397;397
Terminal: [9]
 Agents at terminal: 42
Agent ID; Capacity; starttime; endtime; start loc; end loc
1;4;315;2270;398;398
5;4;315;2270;398;398
7;4;315;2270;398;398
10;4;315;2270;398;398
11;4;315;2270;398;398
12;4;315;2270;398;398
13;4;315;2270;398;398
14;4;315;2270;398;398
15;4;315;2270;398;398
22;4;315;2270;398;398
23;4;315;2270;398;398
24;4;315;2270;398;398
38;4;315;2270;398;398
42;4;315;2270;398;398
49;4;315;2270;398;398
50;4;315;2270;398;398
51;4;315;2270;398;398
52;4;315;2270;398;398
60;4;315;2270;398;398
70;4;315;2270;398;398
74;4;315;2270;398;398
76;4;315;2270;398;398
77;4;315;2270;398;398
88;4;315;2270;398;398
89;4;315;2270;398;398
90;4;315;2270;398;398
113;4;315;2270;398;398
124;4;315;2270;398;398
126;4;315;2270;398;398
129;4;315;2270;398;398
130;4;315;2270;398;398
131;4;315;2270;398;398
148;4;315;2270;398;398
149;4;315;2270;398;398
150;4;315;2270;398;398
157;4;315;2270;398;398
160;4;315;2270;398;398
164;4;315;2270;398;398
166;4;315;2270;398;398
169;4;315;2270;398;398
170;4;315;2270;398;398
172;4;315;2270;398;398
Terminal: [3]
 Agents at terminal: 34
Agent ID; Capacity; starttime; endtime; start loc; end loc
33;4;315;2270;399;399
47;4;315;2270;399;399
48;4;315;2270;399;399
54;4;315;2270;399;399
61;4;315;2270;399;399
65;4;315;2270;399;399
68;4;315;2270;399;399
75;4;315;2270;399;399
78;4;315;2270;399;399
79;4;315;2270;399;399
85;4;315;2270;399;399
87;4;315;2270;399;399
91;4;315;2270;399;399
92;4;315;2270;399;399
93;4;315;2270;399;399
95;4;315;2270;399;399
96;4;315;2270;399;399
100;4;315;2270;399;399
109;4;315;2270;399;399
110;4;315;2270;399;399
111;4;315;2270;399;399
116;4;315;2270;399;399
117;4;315;2270;399;399
118;4;315;2270;399;399
119;4;315;2270;399;399
120;4;315;2270;399;399
121;4;315;2270;399;399
133;4;315;2270;399;399
134;4;315;2270;399;399
158;4;315;2270;399;399
159;4;315;2270;399;399
163;4;315;2270;399;399
171;4;315;2270;399;399
174;4;315;2270;399;399
Terminal: [4]
 Agents at terminal: 29
Agent ID; Capacity; starttime; endtime; start loc; end loc
2;4;315;2270;400;400
4;4;315;2270;400;400
9;4;315;2270;400;400
34;4;315;2270;400;400
35;4;315;2270;400;400
36;4;315;2270;400;400
41;4;315;2270;400;400
43;4;315;2270;400;400
44;4;315;2270;400;400
45;4;315;2270;400;400
46;4;315;2270;400;400
53;4;315;2270;400;400
55;4;315;2270;400;400
58;4;315;2270;400;400
80;4;315;2270;400;400
84;4;315;2270;400;400
98;4;315;2270;400;400
99;4;315;2270;400;400
101;4;315;2270;400;400
102;4;315;2270;400;400
107;4;315;2270;400;400
108;4;315;2270;400;400
112;4;315;2270;400;400
122;4;315;2270;400;400
123;4;315;2270;400;400
132;4;315;2270;400;400
141;4;315;2270;400;400
151;4;315;2270;400;400
162;4;315;2270;400;400
Terminal: [10]
 Agents at terminal: 8
Agent ID; Capacity; starttime; endtime; start loc; end loc
37;4;315;2270;401;401
59;4;315;2270;401;401
67;4;315;2270;401;401
97;4;315;2270;401;401
114;4;315;2270;401;401
115;4;315;2270;401;401
125;4;315;2270;401;401
152;4;315;2270;401;401
Terminal: [11]
 Agents at terminal: 0
Agent ID; Capacity; starttime; endtime; start loc; end loc
[Inter Terminal Busses]
 Inter Terminal Busses: 12
Agent ID;Capacity; starttime; endtime; start loc; end loc
26;24;315;2270;-10;-10
28;24;315;2270;-10;-10
30;24;315;2270;-10;-10
63;24;315;2270;-10;-10
73;24;315;2270;-10;-10
82;24;315;2270;-10;-10
104;24;315;2270;-10;-10
143;24;315;2270;-10;-10
145;24;315;2270;-10;-10
147;24;315;2270;-10;-10
154;24;315;2270;-10;-10
156;24;315;2270;-10;-10
[Airside Busses]
 Air side Busses: 15
Agent ID; Capacity;starttime; endtime; start loc; end loc
25;18;315;2270;-11;-11
27;18;315;2270;-11;-11
29;18;315;2270;-11;-11
31;18;315;2270;-11;-11
62;18;315;2270;-11;-11
64;18;315;2270;-11;-11
72;18;315;2270;-11;-11
81;18;315;2270;-11;-11
103;18;315;2270;-11;-11
142;18;315;2270;-11;-11
144;18;315;2270;-11;-11
146;18;315;2270;-11;-11
153;18;315;2270;-11;-11
155;18;315;2270;-11;-11
173;18;315;2270;-11;-11

Total workers: 211

 Number of passengers: 495
Passenger ID;type ;volume ; starttime;start loc; start term; endtime; end loc;end term;
1;0;2;345;212;4;435;95;8;
2;0;2;345;212;4;442;60;0;
3;0;2;345;200;4;450;35;5;
4;0;2;345;211;4;505;128;9;
5;0;2;345;211;4;575;260;0;
6;0;2;345;200;4;595;16;2;
7;0;2;345;211;4;630;132;9;
8;0;2;345;211;4;630;8;2;
9;0;2;345;211;4;635;197;4;
10;0;2;345;211;4;635;197;4;
11;1;2;345;211;4;650;195;4;
12;0;2;345;211;4;665;14;2;
13;0;2;345;211;4;665;14;2;
14;0;2;345;211;4;675;2;1;
15;0;2;345;211;4;700;13;2;
16;0;2;345;211;4;700;13;2;
19;0;2;345;211;4;810;124;9;
20;0;2;351;362;0;440;181;3;
21;0;2;360;108;9;440;231;10;
22;0;2;360;108;9;440;272;10;
23;1;2;360;108;9;465;183;3;
24;1;2;360;108;9;465;183;3;
25;1;2;360;108;9;635;140;6;
26;0;2;365;309;6;435;179;3;
27;0;2;365;111;9;445;178;3;
28;0;2;365;309;6;450;29;5;
29;0;2;365;302;6;485;60;0;
30;1;2;365;158;6;485;60;0;
31;0;2;365;165;6;485;60;0;
32;1;2;365;309;6;485;60;0;
33;0;2;365;158;6;485;60;0;
34;0;2;365;307;6;485;60;0;
35;0;2;365;302;6;485;60;0;
36;0;2;365;302;6;485;384;0;
37;0;2;365;307;6;575;183;3;
38;0;2;365;111;9;590;242;10;
40;0;2;365;309;6;630;10;2;
41;0;2;365;111;9;640;304;6;
42;0;2;365;111;9;640;304;6;
43;1;2;370;110;6;435;95;8;
44;0;2;370;118;9;455;259;0;
45;1;2;370;118;9;490;60;0;
46;2;3;370;300;6;490;60;0;
47;0;2;370;300;6;490;60;0;
48;0;2;370;118;9;490;60;0;
49;0;2;370;125;9;490;60;0;
50;0;2;370;300;6;490;60;0;
51;1;2;370;114;9;490;60;0;
52;0;2;370;114;9;540;192;4;
53;0;2;370;118;9;575;258;0;
54;0;2;370;125;9;585;177;3;
55;0;2;370;125;9;585;177;3;
56;1;2;370;114;9;625;182;3;
57;0;2;370;114;9;635;140;6;
58;0;2;370;118;9;640;304;6;
59;0;2;370;118;9;640;304;6;
60;0;2;370;114;9;650;12;2;
61;1;2;370;114;9;650;212;4;
62;0;2;370;118;9;650;12;2;
63;0;2;370;114;9;650;12;2;
64;0;2;370;118;9;650;12;2;
65;0;2;370;118;9;800;141;6;
66;0;2;370;118;9;800;141;6;
69;1;2;405;308;6;525;60;0;
70;0;2;405;308;6;525;60;0;
71;0;2;405;308;6;525;60;0;
72;2;3;407;400;4;815;195;4;
74;0;2;420;362;0;585;177;3;
75;1;2;428;366;0;650;195;4;
76;0;2;430;370;0;520;191;4;
77;0;2;444;349;0;640;152;6;
78;1;2;447;367;0;540;192;4;
79;2;3;448;266;0;630;125;9;
80;0;2;450;249;0;580;274;10;
81;0;2;450;249;0;590;95;8;
82;1;2;462;367;0;630;10;2;
83;0;2;464;371;0;540;192;4;
84;1;2;467;338;0;520;191;4;
85;2;3;467;338;0;645;46;6;
86;0;2;470;371;0;540;192;4;
87;0;2;471;373;0;540;125;9;
88;0;2;472;384;0;815;195;4;
89;0;2;474;350;0;540;125;9;
90;1;2;474;351;0;630;132;9;
91;1;2;475;113;6;640;59;7;
92;1;2;476;60;0;540;125;9;
94;0;2;480;158;6;775;236;10;
95;0;2;481;362;0;585;176;3;
96;0;2;482;369;0;630;10;2;
97;3;2;483;351;0;630;125;9;
98;0;2;484;348;0;630;129;9;
99;0;2;485;302;6;815;195;4;
100;0;2;485;302;6;815;195;4;
101;0;2;490;209;4;585;177;3;
102;0;2;490;209;4;585;176;3;
103;0;2;490;209;4;610;60;0;
104;0;2;490;209;4;610;60;0;
105;1;2;490;209;4;760;175;3;
106;0;2;493;384;0;815;195;4;
108;1;2;495;164;3;630;132;9;
109;0;2;498;349;0;630;139;6;
110;1;2;500;369;0;630;10;2;
111;0;2;501;362;0;575;183;3;
112;0;2;501;351;0;630;130;9;
113;0;2;504;370;0;625;71;8;
118;0;2;505;252;0;650;195;4;
119;0;2;505;280;10;650;195;4;
120;0;2;505;280;10;655;57;7;
121;0;2;505;248;0;655;149;6;
123;0;2;510;123;9;630;60;0;
124;0;2;510;79;8;640;141;6;
125;0;2;510;123;9;775;241;10;
126;2;3;511;370;0;580;188;9;
131;0;2;515;118;9;585;177;3;
132;0;2;515;9;2;600;190;4;
133;0;2;515;161;6;610;168;3;
134;1;2;515;312;6;625;178;3;
135;0;2;515;161;6;625;71;8;
138;0;2;515;312;6;635;60;0;
141;1;2;515;298;6;635;60;0;
142;0;2;515;9;2;640;44;6;
143;0;2;515;9;2;640;304;6;
144;0;2;515;118;9;640;304;6;
145;0;2;515;9;2;640;304;6;
146;0;2;515;9;2;640;304;6;
147;0;2;515;312;6;640;44;6;
148;1;2;515;47;7;650;12;2;
149;1;2;515;47;7;650;12;2;
150;1;2;515;47;7;650;12;2;
151;1;2;515;47;7;650;12;2;
153;0;2;515;312;6;650;12;2;
154;1;2;515;312;6;650;12;2;
155;0;2;515;12;2;725;241;10;
156;0;2;515;312;6;755;87;8;
158;1;2;515;9;2;760;173;6;
159;1;2;518;349;0;630;132;9;
160;0;2;520;159;3;585;176;3;
161;0;2;520;159;3;585;176;3;
162;0;2;520;339;0;630;139;6;
163;1;2;520;174;3;655;57;7;
164;0;2;525;106;9;630;122;9;
166;1;2;525;106;9;645;60;0;
167;0;2;525;182;3;655;149;6;
169;1;2;530;290;10;630;132;9;
170;1;2;530;278;10;635;197;4;
174;0;2;530;160;3;655;57;7;
175;0;2;531;361;0;585;176;3;
176;0;2;532;361;0;585;176;3;
177;1;2;535;274;10;650;195;4;
178;0;2;535;274;10;650;195;4;
179;1;2;535;274;10;650;195;4;
181;2;3;539;365;0;630;10;2;
182;1;2;540;135;9;640;141;6;
183;1;2;540;200;4;650;195;4;
186;0;2;540;200;4;1000;130;9;
187;0;2;543;362;0;610;168;3;
189;1;2;545;207;4;630;122;9;
190;2;3;545;295;10;820;197;4;
191;0;2;550;288;10;640;304;6;
192;0;2;550;288;10;640;152;6;
193;0;2;550;288;10;640;304;6;
194;0;2;550;288;10;655;57;7;
195;0;2;550;277;10;660;125;9;
196;1;2;550;344;0;660;125;9;
198;0;2;555;273;0;660;125;9;
200;0;2;560;71;8;625;182;3;
201;0;2;560;162;3;630;122;9;
202;1;2;560;35;5;635;197;4;
203;0;2;560;240;10;640;152;6;
204;0;2;560;240;10;640;152;6;
205;0;2;560;162;3;655;149;6;
206;3;2;560;240;10;660;125;9;
207;0;2;560;296;10;695;183;3;
208;0;2;560;296;10;695;180;3;
210;0;2;560;162;3;815;129;9;
211;2;3;564;363;0;615;177;3;
212;1;2;565;178;3;635;197;4;
213;0;2;565;178;3;655;57;7;
214;0;2;565;178;3;685;60;0;
216;0;2;570;272;10;650;12;2;
217;0;2;570;166;3;655;149;6;
218;0;2;570;166;3;655;149;6;
219;0;2;570;166;3;655;149;6;
220;0;2;570;166;3;700;13;2;
223;0;2;573;339;0;760;173;6;
224;1;2;578;358;0;760;173;6;
225;0;2;580;338;0;755;238;10;
227;0;2;586;338;0;755;238;10;
231;0;2;604;339;0;805;69;8;
234;0;2;605;60;0;820;143;6;
235;0;2;605;60;0;1160;199;4;
236;0;2;610;174;3;745;43;7;
237;4;2;610;125;9;1160;199;4;
238;0;2;611;362;0;695;180;3;
239;2;3;615;370;0;755;176;3;
242;0;2;637;344;0;810;112;9;
243;0;2;650;347;0;820;155;6;
244;0;2;652;351;0;810;139;6;
245;0;2;654;371;0;820;208;4;
246;0;2;655;349;0;815;129;9;
247;1;2;656;330;0;2090;12;2;
248;0;2;660;114;9;755;178;3;
249;0;2;660;114;9;755;178;3;
250;0;2;660;116;9;765;235;10;
251;0;2;660;116;9;780;60;0;
252;0;2;660;116;9;780;60;0;
253;0;2;660;298;6;780;60;0;
254;0;2;660;298;6;780;60;0;
255;0;2;660;114;9;795;93;4;
256;0;2;660;114;9;820;199;4;
257;0;2;660;116;9;820;208;4;
258;1;2;660;114;9;820;208;4;
259;0;2;660;116;9;820;208;4;
260;0;2;660;298;6;1125;146;6;
261;0;2;660;298;6;1125;146;6;
262;0;2;660;298;6;1125;146;6;
263;0;2;662;370;0;755;190;4;
264;0;2;664;367;0;820;208;4;
265;2;3;668;396;7;810;139;6;
266;1;2;675;123;9;785;230;10;
267;1;2;675;123;9;795;60;0;
268;0;2;676;371;0;820;208;4;
269;1;2;680;161;6;800;60;0;
270;1;2;680;161;6;810;139;6;
271;1;2;680;161;6;810;139;6;
272;1;2;680;161;6;1000;130;9;
273;0;2;685;165;6;805;60;0;
274;3;2;685;165;6;805;60;0;
275;0;2;685;165;6;805;60;0;
276;0;2;685;165;6;805;60;0;
277;0;2;685;165;6;805;60;0;
278;0;2;689;350;0;810;139;6;
280;0;2;690;304;6;770;174;3;
281;0;2;690;304;6;770;174;3;
282;0;2;690;304;6;805;32;5;
283;1;2;690;133;9;810;60;0;
284;0;2;690;133;9;810;124;9;
285;0;2;690;133;9;810;60;0;
286;0;2;690;307;6;820;143;6;
287;0;2;690;307;6;840;162;3;
288;0;2;690;133;9;985;192;4;
289;0;2;690;133;9;1070;16;2;
290;0;2;695;204;4;805;69;8;
291;0;2;695;208;4;810;19;2;
292;0;2;695;340;0;810;124;9;
293;0;2;695;208;4;815;195;4;
294;0;2;695;204;4;815;60;0;
295;2;3;695;208;4;815;60;0;
296;0;2;695;208;4;815;195;4;
297;0;2;700;201;4;810;112;9;
298;1;2;700;103;6;815;129;9;
299;0;2;700;201;4;820;155;6;
300;1;2;700;103;6;820;155;6;
301;0;2;700;201;4;970;125;9;
302;0;2;700;201;4;985;192;4;
303;1;2;702;370;0;755;190;4;
304;1;2;707;362;0;765;177;3;
305;0;2;710;287;10;810;311;6;
306;0;2;710;166;3;815;195;4;
307;4;2;710;283;10;815;195;4;
308;0;2;710;166;3;815;195;4;
309;0;2;710;283;10;815;195;4;
310;0;2;710;166;3;815;195;4;
311;0;2;710;166;3;815;195;4;
312;1;2;710;288;10;825;192;4;
313;1;2;710;120;6;970;125;9;
314;1;2;710;120;6;970;125;9;
315;0;2;710;120;6;1000;130;9;
316;0;2;712;345;0;820;106;9;
317;0;2;715;164;3;820;208;4;
318;0;2;715;164;3;820;208;4;
319;0;2;716;61;0;785;243;10;
321;1;2;720;76;8;840;60;0;
322;1;2;720;71;8;840;60;0;
323;0;2;720;71;8;990;152;6;
324;0;2;723;349;0;820;133;9;
325;0;2;730;273;0;850;60;0;
326;0;2;730;170;3;925;71;8;
327;0;2;730;273;0;960;140;6;
328;0;2;730;273;0;960;140;6;
329;0;2;730;170;3;995;128;9;
330;0;2;730;366;0;1120;235;10;
331;0;2;734;338;0;815;129;9;
332;0;2;735;107;6;810;124;9;
333;0;2;735;107;6;810;124;9;
334;0;2;735;107;6;815;129;9;
335;1;2;735;107;6;960;30;5;
336;0;2;735;107;6;985;192;4;
337;2;3;736;339;0;925;179;3;
338;0;2;738;365;0;815;195;4;
339;0;2;740;296;10;860;60;0;
340;0;2;740;296;10;860;60;0;
342;0;2;740;296;10;980;208;4;
344;0;2;744;60;0;815;195;4;
345;0;2;747;340;0;820;199;4;
346;0;2;750;309;6;830;138;6;
347;0;2;750;309;6;830;138;6;
348;4;2;750;309;6;870;60;0;
349;0;2;750;309;6;870;60;0;
350;1;2;750;182;3;900;181;3;
351;0;2;750;162;3;1000;130;9;
352;0;2;750;162;3;1000;130;9;
353;2;3;751;340;0;995;128;9;
354;1;2;752;349;0;810;139;6;
356;0;2;760;340;0;810;112;9;
357;0;2;780;362;0;845;178;3;
359;0;2;790;168;3;910;60;0;
360;0;2;790;168;3;910;60;0;
361;0;2;790;168;3;910;60;0;
362;1;2;805;384;0;955;70;8;
364;0;2;810;170;3;1000;130;9;
365;0;2;825;125;9;935;193;4;
366;0;2;825;125;9;935;193;4;
367;0;2;830;200;4;2250;139;6;
368;0;2;830;200;4;950;60;0;
369;0;2;830;200;4;950;60;0;
370;1;2;830;200;4;950;60;0;
371;0;2;830;200;4;995;128;9;
372;0;2;832;340;0;925;121;9;
373;0;2;835;308;6;955;61;0;
374;0;2;841;363;0;945;32;5;
375;0;2;845;178;3;965;60;0;
376;1;2;845;178;3;965;60;0;
377;1;2;853;346;0;995;128;9;
378;1;2;855;298;6;930;89;8;
379;0;2;855;298;6;975;60;0;
380;0;2;864;372;0;980;208;4;
381;0;2;865;112;9;960;177;3;
382;0;2;869;349;0;975;142;6;
383;0;2;870;259;0;985;192;4;
384;1;2;870;280;10;990;60;0;
385;1;2;870;259;0;990;60;0;
386;0;2;871;371;0;985;192;4;
387;0;2;875;123;9;995;60;0;
388;2;3;875;123;9;995;60;0;
389;0;2;875;123;9;1185;94;6;
391;0;2;880;133;9;965;178;3;
392;0;2;880;287;10;985;192;4;
393;0;2;880;133;9;1000;60;0;
394;0;2;883;347;0;995;122;9;
395;0;2;885;271;10;970;125;9;
396;0;2;885;348;0;995;122;9;
397;0;2;890;162;3;960;140;6;
398;0;2;890;160;3;1010;60;0;
399;0;2;890;160;3;1010;60;0;
400;1;2;890;160;3;1010;60;0;
401;1;2;890;160;3;1010;60;0;
402;0;2;890;160;3;1010;60;0;
403;0;2;890;160;3;1160;118;9;
408;1;2;900;174;3;970;125;9;
409;0;2;900;174;3;970;125;9;
410;1;2;900;174;3;970;125;9;
411;0;2;900;174;3;970;125;9;
412;0;2;900;174;3;975;142;6;
413;0;2;900;291;10;985;192;4;
414;0;2;900;296;10;995;128;9;
415;0;2;900;296;10;995;128;9;
416;0;2;900;281;10;995;128;9;
417;1;2;900;174;3;995;128;9;
418;1;2;900;174;3;995;128;9;
419;1;2;900;174;3;995;128;9;
420;0;2;900;164;3;1000;130;9;
421;0;2;910;120;6;970;125;9;
427;0;2;910;166;3;985;192;4;
428;4;2;910;120;6;995;128;9;
429;4;2;910;120;6;995;128;9;
431;0;2;910;201;4;1000;130;9;
432;1;2;910;166;3;1030;60;0;
434;0;2;910;201;4;1030;60;0;
435;1;2;910;166;3;1030;60;0;
436;0;2;910;272;10;1150;145;6;
437;0;2;918;346;0;1080;108;9;
438;0;2;920;334;0;985;192;4;
439;0;2;927;368;0;985;192;4;
440;0;2;930;178;3;1000;130;9;
441;1;2;930;178;3;1050;60;0;
442;0;2;935;108;9;1055;60;0;
444;0;2;940;207;4;1060;60;0;
445;1;2;940;207;4;1060;60;0;
446;2;3;940;207;4;1060;60;0;
447;1;2;940;207;4;1150;129;9;
448;0;2;942;357;0;1255;230;10;
450;0;2;959;339;0;1150;154;6;
451;1;2;984;370;0;1145;74;8;
452;0;2;990;168;3;1110;60;0;
453;0;2;990;168;3;1110;60;0;
454;0;2;990;168;3;1155;197;4;
455;0;2;990;168;3;1155;197;4;
456;0;2;1000;118;9;1095;176;3;
457;3;2;1000;174;3;1120;60;0;
458;3;2;1000;174;3;1120;60;0;
459;2;3;1000;174;3;1150;154;6;
460;1;2;1000;135;9;1270;98;8;
461;0;2;1000;174;3;1340;17;2;
462;1;2;1005;211;4;1110;96;9;
463;1;2;1005;211;4;1125;121;9;
464;1;2;1005;211;4;1125;60;0;
465;1;2;1005;211;4;1125;60;0;
466;1;2;1005;211;4;1125;146;6;
467;0;2;1005;211;4;1145;179;3;
468;0;2;1015;363;0;1145;191;4;
469;0;2;1020;133;9;1140;60;0;
470;0;2;1020;117;6;1140;60;0;
471;0;2;1020;117;6;1140;60;0;
472;1;2;1020;117;6;1140;60;0;
473;1;2;1020;133;9;1140;60;0;
474;1;2;1020;162;3;1140;60;0;
475;1;2;1020;133;9;1140;60;0;
476;0;2;1020;162;3;1155;197;4;
477;0;2;1020;162;3;1155;197;4;
478;1;2;1020;370;0;1160;192;4;
479;0;2;1035;112;9;1120;235;10;
480;0;2;1035;111;9;1155;384;0;
481;0;2;1035;111;9;1155;60;0;
482;1;2;1035;111;9;1155;60;0;
483;0;2;1039;371;0;1160;192;4;
484;0;2;1043;349;0;1150;129;9;
485;1;2;1045;166;3;1370;16;2;
486;2;3;1045;180;3;1400;153;6;
487;1;2;1055;159;3;1225;228;10;
488;1;2;1065;349;0;1150;129;9;
489;1;2;1070;131;9;1150;154;6;
490;0;2;1070;157;3;1190;60;0;
491;0;2;1070;347;0;1260;121;9;
492;2;3;1070;182;3;1280;120;9;
493;0;2;1070;182;3;1400;132;9;
494;2;3;1080;129;9;2085;46;6;
495;0;2;1080;129;9;1400;153;6;
496;0;2;1085;103;6;1205;60;0;
497;1;2;1085;103;6;1280;231;10;
498;1;2;1090;281;10;1170;178;3;
499;0;2;1090;281;10;1220;99;8;
500;0;2;1090;281;10;1400;130;9;
501;1;2;1100;340;0;1260;121;9;
502;0;2;1100;349;0;1400;129;9;
503;0;2;1100;349;0;1400;129;9;
504;0;2;1104;369;0;1160;192;4;
505;0;2;1120;105;6;1185;94;6;
506;0;2;1120;105;6;1200;175;3;
507;0;2;1120;104;6;1235;99;8;
508;1;2;1120;104;6;1240;60;0;
509;0;2;1120;104;6;1240;60;0;
510;0;2;1120;104;6;1240;60;0;
511;0;2;1120;104;6;1240;60;0;
512;0;2;1120;104;6;1240;60;0;
513;0;2;1135;278;10;1415;154;6;
515;0;2;1150;174;3;1270;60;0;
516;2;3;1150;164;3;1270;60;0;
517;0;2;1150;174;3;1270;60;0;
518;0;2;1150;174;3;1400;132;9;
519;0;2;1150;157;3;1400;192;4;
520;0;2;1155;160;3;1310;15;2;
521;2;3;1159;340;0;1225;122;9;
523;0;2;1170;280;10;1260;89;8;
524;0;2;1170;280;10;1400;130;9;
525;0;2;1175;161;6;1290;174;3;
526;0;2;1175;161;6;1295;60;0;
527;1;2;1175;161;6;1295;60;0;
528;0;2;1175;161;6;1295;60;0;
529;0;2;1175;135;9;1295;60;0;
530;0;2;1175;161;6;1295;60;0;
531;1;2;1175;161;6;1400;129;9;
532;3;2;1200;295;10;1265;178;3;
533;0;2;1200;200;4;1400;130;9;
534;0;2;1205;201;4;1325;60;0;
535;1;2;1205;201;4;1325;60;0;
536;0;2;1210;133;9;1265;191;4;
537;0;2;1225;284;10;1400;132;9;
538;1;2;1225;284;10;1410;139;6;
539;0;2;1232;349;0;1400;132;9;
540;2;3;1233;371;0;1400;197;4;
542;0;2;1267;371;0;1400;192;4;
543;0;2;1275;131;9;1395;60;0;
544;1;2;1275;131;9;1395;60;0;
545;0;2;1275;131;9;1395;60;0;
546;0;2;1275;131;9;1400;129;9;
547;0;2;1275;131;9;1400;129;9;
548;2;3;1275;131;9;1411;266;0;
549;1;2;1280;166;3;1410;139;6;
550;0;2;1285;123;9;1405;60;0;
551;0;2;1295;178;3;1402;60;0;
552;0;2;1310;349;0;1400;130;9;
553;0;2;1322;61;0;1400;132;9;
554;1;2;1324;371;0;1400;197;4;
555;0;2;1325;159;3;1400;132;9;
556;0;2;1330;125;9;1405;127;9;
557;0;2;1335;157;3;1405;127;9;
558;2;3;1340;135;9;1460;60;0;
559;1;2;1340;135;9;1460;60;0;
560;1;2;1340;129;9;1460;60;0;
561;3;2;1340;129;9;1460;60;0;
562;1;2;1340;133;9;1410;139;6;
563;1;2;1345;168;3;1465;60;0;
564;0;2;1345;168;3;1465;60;0;
565;0;2;1350;273;0;1400;153;6;
Pasenger : 1
 Start: 212 End: 95
Segments: 4
ID;Start location; End location; Terminal; Bus;Embarkment
0;212;413;4;;
1;413;410;; terminalbus;
2;410;95;8;;
3;95;95;8;;1
Pasenger : 2
 Start: 212 End: 60
Segments: 1
ID;Start location; End location; Terminal; Bus;Embarkment
4;212;60;4;;
Pasenger : 3
 Start: 200 End: 35
Segments: 5
ID;Start location; End location; Terminal; Bus;Embarkment
5;200;413;4;;
6;413;410;; terminalbus;
7;410;99;8;;
8;99;99;8;;1
9;99;35;; airsidebus;
Pasenger : 4
 Start: 211 End: 128
Segments: 4
ID;Start location; End location; Terminal; Bus;Embarkment
10;211;413;4;;
11;413;411;; terminalbus;
12;411;128;9;;
13;128;128;9;;1
Pasenger : 5
 Start: 211 End: 260
Segments: 5
ID;Start location; End location; Terminal; Bus;Embarkment
14;211;413;4;;
15;413;412;; terminalbus;
16;412;169;3;;
17;169;169;3;;1
18;169;260;; airsidebus;
Pasenger : 6
 Start: 200 End: 16
Segments: 4
ID;Start location; End location; Terminal; Bus;Embarkment
19;200;413;4;;
20;413;407;; terminalbus;
21;407;16;2;;
22;16;16;2;;1
Pasenger : 7
 Start: 211 End: 132
Segments: 4
ID;Start location; End location; Terminal; Bus;Embarkment
23;211;413;4;;
24;413;411;; terminalbus;
25;411;132;9;;
26;132;132;9;;1
Pasenger : 8
 Start: 211 End: 8
Segments: 4
ID;Start location; End location; Terminal; Bus;Embarkment
27;211;413;4;;
28;413;407;; terminalbus;
29;407;8;2;;
30;8;8;2;;1
Pasenger : 9
 Start: 211 End: 197
Segments: 2
ID;Start location; End location; Terminal; Bus;Embarkment
31;211;197;4;;
32;197;197;4;;1
Pasenger : 10
 Start: 211 End: 197
Segments: 2
ID;Start location; End location; Terminal; Bus;Embarkment
33;211;197;4;;
34;197;197;4;;1
Pasenger : 11
 Start: 211 End: 195
Segments: 2
ID;Start location; End location; Terminal; Bus;Embarkment
35;211;195;4;;
36;195;195;4;;1
Pasenger : 12
 Start: 211 End: 14
Segments: 4
ID;Start location; End location; Terminal; Bus;Embarkment
37;211;413;4;;
38;413;407;; terminalbus;
39;407;14;2;;
40;14;14;2;;1
Pasenger : 13
 Start: 211 End: 14
Segments: 4
ID;Start location; End location; Terminal; Bus;Embarkment
41;211;413;4;;
42;413;407;; terminalbus;
43;407;14;2;;
44;14;14;2;;1
Pasenger : 14
 Start: 211 End: 2
Segments: 4
ID;Start location; End location; Terminal; Bus;Embarkment
45;211;413;4;;
46;413;405;; terminalbus;
47;405;2;1;;
48;2;2;1;;1
Pasenger : 15
 Start: 211 End: 13
Segments: 4
ID;Start location; End location; Terminal; Bus;Embarkment
49;211;413;4;;
50;413;407;; terminalbus;
51;407;13;2;;
52;13;13;2;;1
Pasenger : 16
 Start: 211 End: 13
Segments: 4
ID;Start location; End location; Terminal; Bus;Embarkment
53;211;413;4;;
54;413;407;; terminalbus;
55;407;13;2;;
56;13;13;2;;1
Pasenger : 19
 Start: 211 End: 124
Segments: 4
ID;Start location; End location; Terminal; Bus;Embarkment
57;211;413;4;;
58;413;411;; terminalbus;
59;411;124;9;;
60;124;124;9;;1
Pasenger : 20
 Start: 362 End: 181
Segments: 2
ID;Start location; End location; Terminal; Bus;Embarkment
61;362;181;3;;
62;181;181;3;;1
Pasenger : 21
 Start: 108 End: 231
Segments: 4
ID;Start location; End location; Terminal; Bus;Embarkment
63;108;411;9;;
64;411;414;; terminalbus;
65;414;231;10;;
66;231;231;10;;1
Pasenger : 22
 Start: 108 End: 272
Segments: 3
ID;Start location; End location; Terminal; Bus;Embarkment
67;108;114;9;;
68;114;114;9;;1
69;114;272;; airsidebus;
Pasenger : 23
 Start: 108 End: 183
Segments: 4
ID;Start location; End location; Terminal; Bus;Embarkment
70;108;411;9;;
71;411;412;; terminalbus;
72;412;183;3;;
73;183;183;3;;1
Pasenger : 24
 Start: 108 End: 183
Segments: 4
ID;Start location; End location; Terminal; Bus;Embarkment
74;108;411;9;;
75;411;412;; terminalbus;
76;412;183;3;;
77;183;183;3;;1
Pasenger : 25
 Start: 108 End: 140
Segments: 4
ID;Start location; End location; Terminal; Bus;Embarkment
78;108;411;9;;
79;411;415;; terminalbus;
80;415;140;6;;
81;140;140;6;;1
Pasenger : 26
 Start: 309 End: 179
Segments: 4
ID;Start location; End location; Terminal; Bus;Embarkment
82;309;415;6;;
83;415;412;; terminalbus;
84;412;179;3;;
85;179;179;3;;1
Pasenger : 27
 Start: 111 End: 178
Segments: 4
ID;Start location; End location; Terminal; Bus;Embarkment
86;111;411;9;;
87;411;412;; terminalbus;
88;412;178;3;;
89;178;178;3;;1
Pasenger : 28
 Start: 309 End: 29
Segments: 5
ID;Start location; End location; Terminal; Bus;Embarkment
90;309;415;6;;
91;415;410;; terminalbus;
92;410;96;8;;
93;96;96;8;;1
94;96;29;; airsidebus;
Pasenger : 29
 Start: 302 End: 60
Segments: 1
ID;Start location; End location; Terminal; Bus;Embarkment
95;302;60;6;;
Pasenger : 30
 Start: 158 End: 60
Segments: 1
ID;Start location; End location; Terminal; Bus;Embarkment
96;158;60;6;;
Pasenger : 31
 Start: 165 End: 60
Segments: 1
ID;Start location; End location; Terminal; Bus;Embarkment
97;165;60;6;;
Pasenger : 32
 Start: 309 End: 60
Segments: 1
ID;Start location; End location; Terminal; Bus;Embarkment
98;309;60;6;;
Pasenger : 33
 Start: 158 End: 60
Segments: 1
ID;Start location; End location; Terminal; Bus;Embarkment
99;158;60;6;;
Pasenger : 34
 Start: 307 End: 60
Segments: 1
ID;Start location; End location; Terminal; Bus;Embarkment
100;307;60;6;;
Pasenger : 35
 Start: 302 End: 60
Segments: 1
ID;Start location; End location; Terminal; Bus;Embarkment
101;302;60;6;;
Pasenger : 36
 Start: 302 End: 384
Segments: 1
ID;Start location; End location; Terminal; Bus;Embarkment
102;302;384;6;;
Pasenger : 37
 Start: 307 End: 183
Segments: 4
ID;Start location; End location; Terminal; Bus;Embarkment
103;307;415;6;;
104;415;412;; terminalbus;
105;412;183;3;;
106;183;183;3;;1
Pasenger : 38
 Start: 111 End: 242
Segments: 4
ID;Start location; End location; Terminal; Bus;Embarkment
107;111;411;9;;
108;411;414;; terminalbus;
109;414;242;10;;
110;242;242;10;;1
Pasenger : 40
 Start: 309 End: 10
Segments: 5
ID;Start location; End location; Terminal; Bus;Embarkment
111;309;415;6;;
112;415;413;; terminalbus;
113;413;198;4;;
114;198;198;4;;1
115;198;10;; airsidebus;
Pasenger : 41
 Start: 111 End: 304
Segments: 5
ID;Start location; End location; Terminal; Bus;Embarkment
116;111;411;9;;
117;411;409;; terminalbus;
118;409;53;7;;
119;53;53;7;;1
120;53;304;; airsidebus;
Pasenger : 42
 Start: 111 End: 304
Segments: 5
ID;Start location; End location; Terminal; Bus;Embarkment
121;111;411;9;;
122;411;409;; terminalbus;
123;409;53;7;;
124;53;53;7;;1
125;53;304;; airsidebus;
Pasenger : 43
 Start: 110 End: 95
Segments: 4
ID;Start location; End location; Terminal; Bus;Embarkment
126;110;415;6;;
127;415;410;; terminalbus;
128;410;95;8;;
129;95;95;8;;1
Pasenger : 44
 Start: 118 End: 259
Segments: 5
ID;Start location; End location; Terminal; Bus;Embarkment
130;118;411;9;;
131;411;413;; terminalbus;
132;413;187;4;;
133;187;187;4;;1
134;187;259;; airsidebus;
Pasenger : 45
 Start: 118 End: 60
Segments: 1
ID;Start location; End location; Terminal; Bus;Embarkment
135;118;60;9;;
Pasenger : 46
 Start: 300 End: 60
Segments: 1
ID;Start location; End location; Terminal; Bus;Embarkment
136;300;60;6;;
Pasenger : 47
 Start: 300 End: 60
Segments: 1
ID;Start location; End location; Terminal; Bus;Embarkment
137;300;60;6;;
Pasenger : 48
 Start: 118 End: 60
Segments: 1
ID;Start location; End location; Terminal; Bus;Embarkment
138;118;60;9;;
Pasenger : 49
 Start: 125 End: 60
Segments: 1
ID;Start location; End location; Terminal; Bus;Embarkment
139;125;60;9;;
Pasenger : 50
 Start: 300 End: 60
Segments: 1
ID;Start location; End location; Terminal; Bus;Embarkment
140;300;60;6;;
Pasenger : 51
 Start: 114 End: 60
Segments: 1
ID;Start location; End location; Terminal; Bus;Embarkment
141;114;60;9;;
Pasenger : 52
 Start: 114 End: 192
Segments: 4
ID;Start location; End location; Terminal; Bus;Embarkment
142;114;411;9;;
143;411;413;; terminalbus;
144;413;192;4;;
145;192;192;4;;1
Pasenger : 53
 Start: 118 End: 258
Segments: 5
ID;Start location; End location; Terminal; Bus;Embarkment
146;118;411;9;;
147;411;410;; terminalbus;
148;410;86;8;;
149;86;86;8;;1
150;86;258;; airsidebus;
Pasenger : 54
 Start: 125 End: 177
Segments: 4
ID;Start location; End location; Terminal; Bus;Embarkment
151;125;411;9;;
152;411;412;; terminalbus;
153;412;177;3;;
154;177;177;3;;1
Pasenger : 55
 Start: 125 End: 177
Segments: 4
ID;Start location; End location; Terminal; Bus;Embarkment
155;125;411;9;;
156;411;412;; terminalbus;
157;412;177;3;;
158;177;177;3;;1
Pasenger : 56
 Start: 114 End: 182
Segments: 4
ID;Start location; End location; Terminal; Bus;Embarkment
159;114;411;9;;
160;411;412;; terminalbus;
161;412;182;3;;
162;182;182;3;;1
Pasenger : 57
 Start: 114 End: 140
Segments: 4
ID;Start location; End location; Terminal; Bus;Embarkment
163;114;411;9;;
164;411;415;; terminalbus;
165;415;140;6;;
166;140;140;6;;1
Pasenger : 58
 Start: 118 End: 304
Segments: 5
ID;Start location; End location; Terminal; Bus;Embarkment
167;118;411;9;;
168;411;409;; terminalbus;
169;409;53;7;;
170;53;53;7;;1
171;53;304;; airsidebus;
Pasenger : 59
 Start: 118 End: 304
Segments: 5
ID;Start location; End location; Terminal; Bus;Embarkment
172;118;411;9;;
173;411;409;; terminalbus;
174;409;53;7;;
175;53;53;7;;1
176;53;304;; airsidebus;
Pasenger : 60
 Start: 114 End: 12
Segments: 5
ID;Start location; End location; Terminal; Bus;Embarkment
177;114;411;9;;
178;411;409;; terminalbus;
179;409;51;7;;
180;51;51;7;;1
181;51;12;; airsidebus;
Pasenger : 61
 Start: 114 End: 212
Segments: 4
ID;Start location; End location; Terminal; Bus;Embarkment
182;114;411;9;;
183;411;413;; terminalbus;
184;413;212;4;;
185;212;212;4;;1
Pasenger : 62
 Start: 118 End: 12
Segments: 5
ID;Start location; End location; Terminal; Bus;Embarkment
186;118;411;9;;
187;411;409;; terminalbus;
188;409;51;7;;
189;51;51;7;;1
190;51;12;; airsidebus;
Pasenger : 63
 Start: 114 End: 12
Segments: 5
ID;Start location; End location; Terminal; Bus;Embarkment
191;114;411;9;;
192;411;409;; terminalbus;
193;409;51;7;;
194;51;51;7;;1
195;51;12;; airsidebus;
Pasenger : 64
 Start: 118 End: 12
Segments: 5
ID;Start location; End location; Terminal; Bus;Embarkment
196;118;411;9;;
197;411;409;; terminalbus;
198;409;51;7;;
199;51;51;7;;1
200;51;12;; airsidebus;
Pasenger : 65
 Start: 118 End: 141
Segments: 4
ID;Start location; End location; Terminal; Bus;Embarkment
201;118;411;9;;
202;411;415;; terminalbus;
203;415;141;6;;
204;141;141;6;;1
Pasenger : 66
 Start: 118 End: 141
Segments: 4
ID;Start location; End location; Terminal; Bus;Embarkment
205;118;411;9;;
206;411;415;; terminalbus;
207;415;141;6;;
208;141;141;6;;1
Pasenger : 69
 Start: 308 End: 60
Segments: 1
ID;Start location; End location; Terminal; Bus;Embarkment
213;308;60;6;;
Pasenger : 70
 Start: 308 End: 60
Segments: 1
ID;Start location; End location; Terminal; Bus;Embarkment
214;308;60;6;;
Pasenger : 71
 Start: 308 End: 60
Segments: 1
ID;Start location; End location; Terminal; Bus;Embarkment
215;308;60;6;;
Pasenger : 72
 Start: 400 End: 195
Segments: 2
ID;Start location; End location; Terminal; Bus;Embarkment
216;400;195;4;;
217;195;195;4;;1
Pasenger : 74
 Start: 362 End: 177
Segments: 2
ID;Start location; End location; Terminal; Bus;Embarkment
220;362;177;3;;
221;177;177;3;;1
Pasenger : 75
 Start: 366 End: 195
Segments: 2
ID;Start location; End location; Terminal; Bus;Embarkment
222;366;195;4;;
223;195;195;4;;1
Pasenger : 76
 Start: 370 End: 191
Segments: 2
ID;Start location; End location; Terminal; Bus;Embarkment
224;370;191;4;;
225;191;191;4;;1
Pasenger : 77
 Start: 349 End: 152
Segments: 2
ID;Start location; End location; Terminal; Bus;Embarkment
226;349;152;6;;
227;152;152;6;;1
Pasenger : 78
 Start: 367 End: 192
Segments: 2
ID;Start location; End location; Terminal; Bus;Embarkment
228;367;192;4;;
229;192;192;4;;1
Pasenger : 79
 Start: 266 End: 125
Segments: 2
ID;Start location; End location; Terminal; Bus;Embarkment
230;266;125;9;;
231;125;125;9;;1
Pasenger : 80
 Start: 249 End: 274
Segments: 6
ID;Start location; End location; Terminal; Bus;Embarkment
232;249;64;; airsidebus;
233;64;411;9;;
234;411;415;; terminalbus;
235;415;113;6;;
236;113;113;6;;1
237;113;274;; airsidebus;
Pasenger : 81
 Start: 249 End: 95
Segments: 5
ID;Start location; End location; Terminal; Bus;Embarkment
238;249;64;; airsidebus;
239;64;411;9;;
240;411;410;; terminalbus;
241;410;95;8;;
242;95;95;8;;1
Pasenger : 82
 Start: 367 End: 10
Segments: 3
ID;Start location; End location; Terminal; Bus;Embarkment
243;367;198;4;;
244;198;198;4;;1
245;198;10;; airsidebus;
Pasenger : 83
 Start: 371 End: 192
Segments: 2
ID;Start location; End location; Terminal; Bus;Embarkment
246;371;192;4;;
247;192;192;4;;1
Pasenger : 84
 Start: 338 End: 191
Segments: 2
ID;Start location; End location; Terminal; Bus;Embarkment
248;338;191;4;;
249;191;191;4;;1
Pasenger : 85
 Start: 338 End: 46
Segments: 3
ID;Start location; End location; Terminal; Bus;Embarkment
250;338;54;7;;
251;54;54;7;;1
252;54;46;; airsidebus;
Pasenger : 86
 Start: 371 End: 192
Segments: 2
ID;Start location; End location; Terminal; Bus;Embarkment
253;371;192;4;;
254;192;192;4;;1
Pasenger : 87
 Start: 373 End: 125
Segments: 2
ID;Start location; End location; Terminal; Bus;Embarkment
255;373;125;9;;
256;125;125;9;;1
Pasenger : 88
 Start: 384 End: 195
Segments: 2
ID;Start location; End location; Terminal; Bus;Embarkment
257;384;195;4;;
258;195;195;4;;1
Pasenger : 89
 Start: 350 End: 125
Segments: 2
ID;Start location; End location; Terminal; Bus;Embarkment
259;350;125;9;;
260;125;125;9;;1
Pasenger : 90
 Start: 351 End: 132
Segments: 2
ID;Start location; End location; Terminal; Bus;Embarkment
261;351;132;9;;
262;132;132;9;;1
Pasenger : 91
 Start: 113 End: 59
Segments: 4
ID;Start location; End location; Terminal; Bus;Embarkment
263;113;415;6;;
264;415;409;; terminalbus;
265;409;59;7;;
266;59;59;7;;1
Pasenger : 92
 Start: 60 End: 125
Segments: 2
ID;Start location; End location; Terminal; Bus;Embarkment
267;60;125;9;;
268;125;125;9;;1
Pasenger : 94
 Start: 158 End: 236
Segments: 4
ID;Start location; End location; Terminal; Bus;Embarkment
269;158;415;6;;
270;415;414;; terminalbus;
271;414;236;10;;
272;236;236;10;;1
Pasenger : 95
 Start: 362 End: 176
Segments: 2
ID;Start location; End location; Terminal; Bus;Embarkment
273;362;176;3;;
274;176;176;3;;1
Pasenger : 96
 Start: 369 End: 10
Segments: 3
ID;Start location; End location; Terminal; Bus;Embarkment
275;369;198;4;;
276;198;198;4;;1
277;198;10;; airsidebus;
Pasenger : 97
 Start: 351 End: 125
Segments: 2
ID;Start location; End location; Terminal; Bus;Embarkment
278;351;125;9;;
279;125;125;9;;1
Pasenger : 98
 Start: 348 End: 129
Segments: 2
ID;Start location; End location; Terminal; Bus;Embarkment
280;348;129;9;;
281;129;129;9;;1
Pasenger : 99
 Start: 302 End: 195
Segments: 4
ID;Start location; End location; Terminal; Bus;Embarkment
282;302;415;6;;
283;415;413;; terminalbus;
284;413;195;4;;
285;195;195;4;;1
Pasenger : 100
 Start: 302 End: 195
Segments: 4
ID;Start location; End location; Terminal; Bus;Embarkment
286;302;415;6;;
287;415;413;; terminalbus;
288;413;195;4;;
289;195;195;4;;1
Pasenger : 101
 Start: 209 End: 177
Segments: 4
ID;Start location; End location; Terminal; Bus;Embarkment
290;209;413;4;;
291;413;412;; terminalbus;
292;412;177;3;;
293;177;177;3;;1
Pasenger : 102
 Start: 209 End: 176
Segments: 4
ID;Start location; End location; Terminal; Bus;Embarkment
294;209;413;4;;
295;413;412;; terminalbus;
296;412;176;3;;
297;176;176;3;;1
Pasenger : 103
 Start: 209 End: 60
Segments: 1
ID;Start location; End location; Terminal; Bus;Embarkment
298;209;60;4;;
Pasenger : 104
 Start: 209 End: 60
Segments: 1
ID;Start location; End location; Terminal; Bus;Embarkment
299;209;60;4;;
Pasenger : 105
 Start: 209 End: 175
Segments: 4
ID;Start location; End location; Terminal; Bus;Embarkment
300;209;413;4;;
301;413;412;; terminalbus;
302;412;175;3;;
303;175;175;3;;1
Pasenger : 106
 Start: 384 End: 195
Segments: 2
ID;Start location; End location; Terminal; Bus;Embarkment
304;384;195;4;;
305;195;195;4;;1
Pasenger : 108
 Start: 164 End: 132
Segments: 4
ID;Start location; End location; Terminal; Bus;Embarkment
308;164;412;3;;
309;412;411;; terminalbus;
310;411;132;9;;
311;132;132;9;;1
Pasenger : 109
 Start: 349 End: 139
Segments: 2
ID;Start location; End location; Terminal; Bus;Embarkment
312;349;139;6;;
313;139;139;6;;1
Pasenger : 110
 Start: 369 End: 10
Segments: 3
ID;Start location; End location; Terminal; Bus;Embarkment
314;369;198;4;;
315;198;198;4;;1
316;198;10;; airsidebus;
Pasenger : 111
 Start: 362 End: 183
Segments: 2
ID;Start location; End location; Terminal; Bus;Embarkment
317;362;183;3;;
318;183;183;3;;1
Pasenger : 112
 Start: 351 End: 130
Segments: 2
ID;Start location; End location; Terminal; Bus;Embarkment
319;351;130;9;;
320;130;130;9;;1
Pasenger : 113
 Start: 370 End: 71
Segments: 3
ID;Start location; End location; Terminal; Bus;Embarkment
321;370;189;4;;
322;189;189;4;;1
323;189;71;; airsidebus;
Pasenger : 118
 Start: 252 End: 195
Segments: 5
ID;Start location; End location; Terminal; Bus;Embarkment
324;252;27;; airsidebus;
325;27;412;3;;
326;412;413;; terminalbus;
327;413;195;4;;
328;195;195;4;;1
Pasenger : 119
 Start: 280 End: 195
Segments: 4
ID;Start location; End location; Terminal; Bus;Embarkment
329;280;414;10;;
330;414;413;; terminalbus;
331;413;195;4;;
332;195;195;4;;1
Pasenger : 120
 Start: 280 End: 57
Segments: 4
ID;Start location; End location; Terminal; Bus;Embarkment
333;280;414;10;;
334;414;409;; terminalbus;
335;409;57;7;;
336;57;57;7;;1
Pasenger : 121
 Start: 248 End: 149
Segments: 5
ID;Start location; End location; Terminal; Bus;Embarkment
337;248;112;; airsidebus;
338;112;411;9;;
339;411;415;; terminalbus;
340;415;149;6;;
341;149;149;6;;1
Pasenger : 123
 Start: 123 End: 60
Segments: 1
ID;Start location; End location; Terminal; Bus;Embarkment
342;123;60;9;;
Pasenger : 124
 Start: 79 End: 141
Segments: 5
ID;Start location; End location; Terminal; Bus;Embarkment
343;79;27;; airsidebus;
344;27;412;3;;
345;412;415;; terminalbus;
346;415;141;6;;
347;141;141;6;;1
Pasenger : 125
 Start: 123 End: 241
Segments: 4
ID;Start location; End location; Terminal; Bus;Embarkment
348;123;411;9;;
349;411;414;; terminalbus;
350;414;241;10;;
351;241;241;10;;1
Pasenger : 126
 Start: 370 End: 188
Segments: 2
ID;Start location; End location; Terminal; Bus;Embarkment
352;370;188;4;;
353;188;188;4;;1
Pasenger : 131
 Start: 118 End: 177
Segments: 4
ID;Start location; End location; Terminal; Bus;Embarkment
372;118;411;9;;
373;411;412;; terminalbus;
374;412;177;3;;
375;177;177;3;;1
Pasenger : 132
 Start: 9 End: 190
Segments: 5
ID;Start location; End location; Terminal; Bus;Embarkment
376;9;64;; airsidebus;
377;64;411;9;;
378;411;413;; terminalbus;
379;413;190;4;;
380;190;190;4;;1
Pasenger : 133
 Start: 161 End: 168
Segments: 4
ID;Start location; End location; Terminal; Bus;Embarkment
381;161;415;6;;
382;415;412;; terminalbus;
383;412;168;3;;
384;168;168;3;;1
Pasenger : 134
 Start: 312 End: 178
Segments: 5
ID;Start location; End location; Terminal; Bus;Embarkment
385;312;64;; airsidebus;
386;64;411;9;;
387;411;412;; terminalbus;
388;412;178;3;;
389;178;178;3;;1
Pasenger : 135
 Start: 161 End: 71
Segments: 5
ID;Start location; End location; Terminal; Bus;Embarkment
390;161;415;6;;
391;415;413;; terminalbus;
392;413;189;4;;
393;189;189;4;;1
394;189;71;; airsidebus;
Pasenger : 138
 Start: 312 End: 60
Segments: 2
ID;Start location; End location; Terminal; Bus;Embarkment
395;312;64;; airsidebus;
396;64;60;9;;
Pasenger : 141
 Start: 298 End: 60
Segments: 1
ID;Start location; End location; Terminal; Bus;Embarkment
397;298;60;6;;
Pasenger : 142
 Start: 9 End: 44
Segments: 6
ID;Start location; End location; Terminal; Bus;Embarkment
398;9;64;; airsidebus;
399;64;411;9;;
400;411;409;; terminalbus;
401;409;56;7;;
402;56;56;7;;1
403;56;44;; airsidebus;
Pasenger : 143
 Start: 9 End: 304
Segments: 6
ID;Start location; End location; Terminal; Bus;Embarkment
404;9;64;; airsidebus;
405;64;411;9;;
406;411;409;; terminalbus;
407;409;53;7;;
408;53;53;7;;1
409;53;304;; airsidebus;
Pasenger : 144
 Start: 118 End: 304
Segments: 5
ID;Start location; End location; Terminal; Bus;Embarkment
410;118;411;9;;
411;411;409;; terminalbus;
412;409;53;7;;
413;53;53;7;;1
414;53;304;; airsidebus;
Pasenger : 145
 Start: 9 End: 304
Segments: 6
ID;Start location; End location; Terminal; Bus;Embarkment
415;9;64;; airsidebus;
416;64;411;9;;
417;411;409;; terminalbus;
418;409;53;7;;
419;53;53;7;;1
420;53;304;; airsidebus;
Pasenger : 146
 Start: 9 End: 304
Segments: 6
ID;Start location; End location; Terminal; Bus;Embarkment
421;9;64;; airsidebus;
422;64;411;9;;
423;411;409;; terminalbus;
424;409;53;7;;
425;53;53;7;;1
426;53;304;; airsidebus;
Pasenger : 147
 Start: 312 End: 44
Segments: 6
ID;Start location; End location; Terminal; Bus;Embarkment
427;312;64;; airsidebus;
428;64;411;9;;
429;411;409;; terminalbus;
430;409;56;7;;
431;56;56;7;;1
432;56;44;; airsidebus;
Pasenger : 148
 Start: 47 End: 12
Segments: 3
ID;Start location; End location; Terminal; Bus;Embarkment
433;47;51;7;;
434;51;51;7;;1
435;51;12;; airsidebus;
Pasenger : 149
 Start: 47 End: 12
Segments: 3
ID;Start location; End location; Terminal; Bus;Embarkment
436;47;51;7;;
437;51;51;7;;1
438;51;12;; airsidebus;
Pasenger : 150
 Start: 47 End: 12
Segments: 3
ID;Start location; End location; Terminal; Bus;Embarkment
439;47;51;7;;
440;51;51;7;;1
441;51;12;; airsidebus;
Pasenger : 151
 Start: 47 End: 12
Segments: 3
ID;Start location; End location; Terminal; Bus;Embarkment
442;47;51;7;;
443;51;51;7;;1
444;51;12;; airsidebus;
Pasenger : 153
 Start: 312 End: 12
Segments: 6
ID;Start location; End location; Terminal; Bus;Embarkment
445;312;64;; airsidebus;
446;64;411;9;;
447;411;409;; terminalbus;
448;409;51;7;;
449;51;51;7;;1
450;51;12;; airsidebus;
Pasenger : 154
 Start: 312 End: 12
Segments: 6
ID;Start location; End location; Terminal; Bus;Embarkment
451;312;64;; airsidebus;
452;64;411;9;;
453;411;409;; terminalbus;
454;409;51;7;;
455;51;51;7;;1
456;51;12;; airsidebus;
Pasenger : 155
 Start: 12 End: 241
Segments: 5
ID;Start location; End location; Terminal; Bus;Embarkment
457;12;64;; airsidebus;
458;64;411;9;;
459;411;414;; terminalbus;
460;414;241;10;;
461;241;241;10;;1
Pasenger : 156
 Start: 312 End: 87
Segments: 5
ID;Start location; End location; Terminal; Bus;Embarkment
462;312;64;; airsidebus;
463;64;411;9;;
464;411;410;; terminalbus;
465;410;87;8;;
466;87;87;8;;1
Pasenger : 158
 Start: 9 End: 173
Segments: 5
ID;Start location; End location; Terminal; Bus;Embarkment
467;9;64;; airsidebus;
468;64;411;9;;
469;411;412;; terminalbus;
470;412;173;3;;
471;173;173;3;;1
Pasenger : 159
 Start: 349 End: 132
Segments: 2
ID;Start location; End location; Terminal; Bus;Embarkment
472;349;132;9;;
473;132;132;9;;1
Pasenger : 160
 Start: 159 End: 176
Segments: 2
ID;Start location; End location; Terminal; Bus;Embarkment
474;159;176;3;;
475;176;176;3;;1
Pasenger : 161
 Start: 159 End: 176
Segments: 2
ID;Start location; End location; Terminal; Bus;Embarkment
476;159;176;3;;
477;176;176;3;;1
Pasenger : 162
 Start: 339 End: 139
Segments: 2
ID;Start location; End location; Terminal; Bus;Embarkment
478;339;139;6;;
479;139;139;6;;1
Pasenger : 163
 Start: 174 End: 57
Segments: 4
ID;Start location; End location; Terminal; Bus;Embarkment
480;174;412;3;;
481;412;409;; terminalbus;
482;409;57;7;;
483;57;57;7;;1
Pasenger : 164
 Start: 106 End: 122
Segments: 2
ID;Start location; End location; Terminal; Bus;Embarkment
484;106;122;9;;
485;122;122;9;;1
Pasenger : 166
 Start: 106 End: 60
Segments: 1
ID;Start location; End location; Terminal; Bus;Embarkment
486;106;60;9;;
Pasenger : 167
 Start: 182 End: 149
Segments: 4
ID;Start location; End location; Terminal; Bus;Embarkment
487;182;412;3;;
488;412;415;; terminalbus;
489;415;149;6;;
490;149;149;6;;1
Pasenger : 169
 Start: 290 End: 132
Segments: 4
ID;Start location; End location; Terminal; Bus;Embarkment
496;290;414;10;;
497;414;411;; terminalbus;
498;411;132;9;;
499;132;132;9;;1
Pasenger : 170
 Start: 278 End: 197
Segments: 4
ID;Start location; End location; Terminal; Bus;Embarkment
500;278;414;10;;
501;414;413;; terminalbus;
502;413;197;4;;
503;197;197;4;;1
Pasenger : 174
 Start: 160 End: 57
Segments: 4
ID;Start location; End location; Terminal; Bus;Embarkment
504;160;412;3;;
505;412;409;; terminalbus;
506;409;57;7;;
507;57;57;7;;1
Pasenger : 175
 Start: 361 End: 176
Segments: 2
ID;Start location; End location; Terminal; Bus;Embarkment
508;361;176;3;;
509;176;176;3;;1
Pasenger : 176
 Start: 361 End: 176
Segments: 2
ID;Start location; End location; Terminal; Bus;Embarkment
510;361;176;3;;
511;176;176;3;;1
Pasenger : 177
 Start: 274 End: 195
Segments: 5
ID;Start location; End location; Terminal; Bus;Embarkment
512;274;64;; airsidebus;
513;64;411;9;;
514;411;413;; terminalbus;
515;413;195;4;;
516;195;195;4;;1
Pasenger : 178
 Start: 274 End: 195
Segments: 5
ID;Start location; End location; Terminal; Bus;Embarkment
517;274;64;; airsidebus;
518;64;411;9;;
519;411;413;; terminalbus;
520;413;195;4;;
521;195;195;4;;1
Pasenger : 179
 Start: 274 End: 195
Segments: 5
ID;Start location; End location; Terminal; Bus;Embarkment
522;274;64;; airsidebus;
523;64;411;9;;
524;411;413;; terminalbus;
525;413;195;4;;
526;195;195;4;;1
Pasenger : 181
 Start: 365 End: 10
Segments: 3
ID;Start location; End location; Terminal; Bus;Embarkment
530;365;198;4;;
531;198;198;4;;1
532;198;10;; airsidebus;
Pasenger : 182
 Start: 135 End: 141
Segments: 4
ID;Start location; End location; Terminal; Bus;Embarkment
533;135;411;9;;
534;411;415;; terminalbus;
535;415;141;6;;
536;141;141;6;;1
Pasenger : 183
 Start: 200 End: 195
Segments: 2
ID;Start location; End location; Terminal; Bus;Embarkment
537;200;195;4;;
538;195;195;4;;1
Pasenger : 186
 Start: 200 End: 130
Segments: 4
ID;Start location; End location; Terminal; Bus;Embarkment
539;200;413;4;;
540;413;411;; terminalbus;
541;411;130;9;;
542;130;130;9;;1
Pasenger : 187
 Start: 362 End: 168
Segments: 2
ID;Start location; End location; Terminal; Bus;Embarkment
543;362;168;3;;
544;168;168;3;;1
Pasenger : 189
 Start: 207 End: 122
Segments: 4
ID;Start location; End location; Terminal; Bus;Embarkment
545;207;413;4;;
546;413;411;; terminalbus;
547;411;122;9;;
548;122;122;9;;1
Pasenger : 190
 Start: 295 End: 197
Segments: 4
ID;Start location; End location; Terminal; Bus;Embarkment
549;295;414;10;;
550;414;413;; terminalbus;
551;413;197;4;;
552;197;197;4;;1
Pasenger : 191
 Start: 288 End: 304
Segments: 5
ID;Start location; End location; Terminal; Bus;Embarkment
553;288;414;10;;
554;414;409;; terminalbus;
555;409;53;7;;
556;53;53;7;;1
557;53;304;; airsidebus;
Pasenger : 192
 Start: 288 End: 152
Segments: 4
ID;Start location; End location; Terminal; Bus;Embarkment
558;288;414;10;;
559;414;415;; terminalbus;
560;415;152;6;;
561;152;152;6;;1
Pasenger : 193
 Start: 288 End: 304
Segments: 5
ID;Start location; End location; Terminal; Bus;Embarkment
562;288;414;10;;
563;414;409;; terminalbus;
564;409;53;7;;
565;53;53;7;;1
566;53;304;; airsidebus;
Pasenger : 194
 Start: 288 End: 57
Segments: 4
ID;Start location; End location; Terminal; Bus;Embarkment
567;288;414;10;;
568;414;409;; terminalbus;
569;409;57;7;;
570;57;57;7;;1
Pasenger : 195
 Start: 277 End: 125
Segments: 4
ID;Start location; End location; Terminal; Bus;Embarkment
571;277;414;10;;
572;414;411;; terminalbus;
573;411;125;9;;
574;125;125;9;;1
Pasenger : 196
 Start: 344 End: 125
Segments: 2
ID;Start location; End location; Terminal; Bus;Embarkment
575;344;125;9;;
576;125;125;9;;1
Pasenger : 198
 Start: 273 End: 125
Segments: 3
ID;Start location; End location; Terminal; Bus;Embarkment
577;273;64;; airsidebus;
578;64;125;9;;
579;125;125;9;;1
Pasenger : 200
 Start: 71 End: 182
Segments: 3
ID;Start location; End location; Terminal; Bus;Embarkment
580;71;27;; airsidebus;
581;27;182;3;;
582;182;182;3;;1
Pasenger : 201
 Start: 162 End: 122
Segments: 4
ID;Start location; End location; Terminal; Bus;Embarkment
583;162;412;3;;
584;412;411;; terminalbus;
585;411;122;9;;
586;122;122;9;;1
Pasenger : 202
 Start: 35 End: 197
Segments: 5
ID;Start location; End location; Terminal; Bus;Embarkment
587;35;27;; airsidebus;
588;27;412;3;;
589;412;413;; terminalbus;
590;413;197;4;;
591;197;197;4;;1
Pasenger : 203
 Start: 240 End: 152
Segments: 5
ID;Start location; End location; Terminal; Bus;Embarkment
592;240;64;; airsidebus;
593;64;411;9;;
594;411;415;; terminalbus;
595;415;152;6;;
596;152;152;6;;1
Pasenger : 204
 Start: 240 End: 152
Segments: 5
ID;Start location; End location; Terminal; Bus;Embarkment
597;240;64;; airsidebus;
598;64;411;9;;
599;411;415;; terminalbus;
600;415;152;6;;
601;152;152;6;;1
Pasenger : 205
 Start: 162 End: 149
Segments: 4
ID;Start location; End location; Terminal; Bus;Embarkment
602;162;412;3;;
603;412;415;; terminalbus;
604;415;149;6;;
605;149;149;6;;1
Pasenger : 206
 Start: 240 End: 125
Segments: 3
ID;Start location; End location; Terminal; Bus;Embarkment
606;240;64;; airsidebus;
607;64;125;9;;
608;125;125;9;;1
Pasenger : 207
 Start: 296 End: 183
Segments: 4
ID;Start location; End location; Terminal; Bus;Embarkment
609;296;414;10;;
610;414;412;; terminalbus;
611;412;183;3;;
612;183;183;3;;1
Pasenger : 208
 Start: 296 End: 180
Segments: 4
ID;Start location; End location; Terminal; Bus;Embarkment
613;296;414;10;;
614;414;412;; terminalbus;
615;412;180;3;;
616;180;180;3;;1
Pasenger : 210
 Start: 162 End: 129
Segments: 4
ID;Start location; End location; Terminal; Bus;Embarkment
617;162;412;3;;
618;412;411;; terminalbus;
619;411;129;9;;
620;129;129;9;;1
Pasenger : 211
 Start: 363 End: 177
Segments: 2
ID;Start location; End location; Terminal; Bus;Embarkment
621;363;177;3;;
622;177;177;3;;1
Pasenger : 212
 Start: 178 End: 197
Segments: 4
ID;Start location; End location; Terminal; Bus;Embarkment
623;178;412;3;;
624;412;413;; terminalbus;
625;413;197;4;;
626;197;197;4;;1
Pasenger : 213
 Start: 178 End: 57
Segments: 4
ID;Start location; End location; Terminal; Bus;Embarkment
627;178;412;3;;
628;412;409;; terminalbus;
629;409;57;7;;
630;57;57;7;;1
Pasenger : 214
 Start: 178 End: 60
Segments: 1
ID;Start location; End location; Terminal; Bus;Embarkment
631;178;60;3;;
Pasenger : 216
 Start: 272 End: 12
Segments: 6
ID;Start location; End location; Terminal; Bus;Embarkment
632;272;64;; airsidebus;
633;64;411;9;;
634;411;409;; terminalbus;
635;409;51;7;;
636;51;51;7;;1
637;51;12;; airsidebus;
Pasenger : 217
 Start: 166 End: 149
Segments: 4
ID;Start location; End location; Terminal; Bus;Embarkment
638;166;412;3;;
639;412;415;; terminalbus;
640;415;149;6;;
641;149;149;6;;1
Pasenger : 218
 Start: 166 End: 149
Segments: 4
ID;Start location; End location; Terminal; Bus;Embarkment
642;166;412;3;;
643;412;415;; terminalbus;
644;415;149;6;;
645;149;149;6;;1
Pasenger : 219
 Start: 166 End: 149
Segments: 4
ID;Start location; End location; Terminal; Bus;Embarkment
646;166;412;3;;
647;412;415;; terminalbus;
648;415;149;6;;
649;149;149;6;;1
Pasenger : 220
 Start: 166 End: 13
Segments: 4
ID;Start location; End location; Terminal; Bus;Embarkment
650;166;412;3;;
651;412;407;; terminalbus;
652;407;13;2;;
653;13;13;2;;1
Pasenger : 223
 Start: 339 End: 173
Segments: 2
ID;Start location; End location; Terminal; Bus;Embarkment
654;339;173;3;;
655;173;173;3;;1
Pasenger : 224
 Start: 358 End: 173
Segments: 2
ID;Start location; End location; Terminal; Bus;Embarkment
656;358;173;3;;
657;173;173;3;;1
Pasenger : 225
 Start: 338 End: 238
Segments: 2
ID;Start location; End location; Terminal; Bus;Embarkment
658;338;238;10;;
659;238;238;10;;1
Pasenger : 227
 Start: 338 End: 238
Segments: 2
ID;Start location; End location; Terminal; Bus;Embarkment
660;338;238;10;;
661;238;238;10;;1
Pasenger : 231
 Start: 339 End: 69
Segments: 2
ID;Start location; End location; Terminal; Bus;Embarkment
662;339;69;8;;
663;69;69;8;;1
Pasenger : 234
 Start: 60 End: 143
Segments: 2
ID;Start location; End location; Terminal; Bus;Embarkment
664;60;143;6;;
665;143;143;6;;1
Pasenger : 235
 Start: 60 End: 199
Segments: 2
ID;Start location; End location; Terminal; Bus;Embarkment
666;60;199;4;;
667;199;199;4;;1
Pasenger : 236
 Start: 174 End: 43
Segments: 4
ID;Start location; End location; Terminal; Bus;Embarkment
668;174;412;3;;
669;412;409;; terminalbus;
670;409;43;7;;
671;43;43;7;;1
Pasenger : 237
 Start: 125 End: 199
Segments: 4
ID;Start location; End location; Terminal; Bus;Embarkment
672;125;411;9;;
673;411;413;; terminalbus;
674;413;199;4;;
675;199;199;4;;1
Pasenger : 238
 Start: 362 End: 180
Segments: 2
ID;Start location; End location; Terminal; Bus;Embarkment
676;362;180;3;;
677;180;180;3;;1
Pasenger : 239
 Start: 370 End: 176
Segments: 2
ID;Start location; End location; Terminal; Bus;Embarkment
678;370;176;3;;
679;176;176;3;;1
Pasenger : 242
 Start: 344 End: 112
Segments: 2
ID;Start location; End location; Terminal; Bus;Embarkment
685;344;112;9;;
686;112;112;9;;1
Pasenger : 243
 Start: 347 End: 155
Segments: 2
ID;Start location; End location; Terminal; Bus;Embarkment
687;347;155;6;;
688;155;155;6;;1
Pasenger : 244
 Start: 351 End: 139
Segments: 2
ID;Start location; End location; Terminal; Bus;Embarkment
689;351;139;6;;
690;139;139;6;;1
Pasenger : 245
 Start: 371 End: 208
Segments: 2
ID;Start location; End location; Terminal; Bus;Embarkment
691;371;208;4;;
692;208;208;4;;1
Pasenger : 246
 Start: 349 End: 129
Segments: 2
ID;Start location; End location; Terminal; Bus;Embarkment
693;349;129;9;;
694;129;129;9;;1
Pasenger : 247
 Start: 330 End: 12
Segments: 3
ID;Start location; End location; Terminal; Bus;Embarkment
695;330;51;7;;
696;51;51;7;;1
697;51;12;; airsidebus;
Pasenger : 248
 Start: 114 End: 178
Segments: 4
ID;Start location; End location; Terminal; Bus;Embarkment
698;114;411;9;;
699;411;412;; terminalbus;
700;412;178;3;;
701;178;178;3;;1
Pasenger : 249
 Start: 114 End: 178
Segments: 4
ID;Start location; End location; Terminal; Bus;Embarkment
702;114;411;9;;
703;411;412;; terminalbus;
704;412;178;3;;
705;178;178;3;;1
Pasenger : 250
 Start: 116 End: 235
Segments: 4
ID;Start location; End location; Terminal; Bus;Embarkment
706;116;411;9;;
707;411;414;; terminalbus;
708;414;235;10;;
709;235;235;10;;1
Pasenger : 251
 Start: 116 End: 60
Segments: 1
ID;Start location; End location; Terminal; Bus;Embarkment
710;116;60;9;;
Pasenger : 252
 Start: 116 End: 60
Segments: 1
ID;Start location; End location; Terminal; Bus;Embarkment
711;116;60;9;;
Pasenger : 253
 Start: 298 End: 60
Segments: 1
ID;Start location; End location; Terminal; Bus;Embarkment
712;298;60;6;;
Pasenger : 254
 Start: 298 End: 60
Segments: 1
ID;Start location; End location; Terminal; Bus;Embarkment
713;298;60;6;;
Pasenger : 255
 Start: 114 End: 93
Segments: 4
ID;Start location; End location; Terminal; Bus;Embarkment
714;114;411;9;;
715;411;410;; terminalbus;
716;410;93;8;;
717;93;93;8;;1
Pasenger : 256
 Start: 114 End: 199
Segments: 4
ID;Start location; End location; Terminal; Bus;Embarkment
718;114;411;9;;
719;411;413;; terminalbus;
720;413;199;4;;
721;199;199;4;;1
Pasenger : 257
 Start: 116 End: 208
Segments: 4
ID;Start location; End location; Terminal; Bus;Embarkment
722;116;411;9;;
723;411;413;; terminalbus;
724;413;208;4;;
725;208;208;4;;1
Pasenger : 258
 Start: 114 End: 208
Segments: 4
ID;Start location; End location; Terminal; Bus;Embarkment
726;114;411;9;;
727;411;413;; terminalbus;
728;413;208;4;;
729;208;208;4;;1
Pasenger : 259
 Start: 116 End: 208
Segments: 4
ID;Start location; End location; Terminal; Bus;Embarkment
730;116;411;9;;
731;411;413;; terminalbus;
732;413;208;4;;
733;208;208;4;;1
Pasenger : 260
 Start: 298 End: 146
Segments: 2
ID;Start location; End location; Terminal; Bus;Embarkment
734;298;146;6;;
735;146;146;6;;1
Pasenger : 261
 Start: 298 End: 146
Segments: 2
ID;Start location; End location; Terminal; Bus;Embarkment
736;298;146;6;;
737;146;146;6;;1
Pasenger : 262
 Start: 298 End: 146
Segments: 2
ID;Start location; End location; Terminal; Bus;Embarkment
738;298;146;6;;
739;146;146;6;;1
Pasenger : 263
 Start: 370 End: 190
Segments: 2
ID;Start location; End location; Terminal; Bus;Embarkment
740;370;190;4;;
741;190;190;4;;1
Pasenger : 264
 Start: 367 End: 208
Segments: 2
ID;Start location; End location; Terminal; Bus;Embarkment
742;367;208;4;;
743;208;208;4;;1
Pasenger : 265
 Start: 396 End: 139
Segments: 4
ID;Start location; End location; Terminal; Bus;Embarkment
744;396;409;7;;
745;409;415;; terminalbus;
746;415;139;6;;
747;139;139;6;;1
Pasenger : 266
 Start: 123 End: 230
Segments: 4
ID;Start location; End location; Terminal; Bus;Embarkment
748;123;411;9;;
749;411;414;; terminalbus;
750;414;230;10;;
751;230;230;10;;1
Pasenger : 267
 Start: 123 End: 60
Segments: 1
ID;Start location; End location; Terminal; Bus;Embarkment
752;123;60;9;;
Pasenger : 268
 Start: 371 End: 208
Segments: 2
ID;Start location; End location; Terminal; Bus;Embarkment
753;371;208;4;;
754;208;208;4;;1
Pasenger : 269
 Start: 161 End: 60
Segments: 1
ID;Start location; End location; Terminal; Bus;Embarkment
755;161;60;6;;
Pasenger : 270
 Start: 161 End: 139
Segments: 2
ID;Start location; End location; Terminal; Bus;Embarkment
756;161;139;6;;
757;139;139;6;;1
Pasenger : 271
 Start: 161 End: 139
Segments: 2
ID;Start location; End location; Terminal; Bus;Embarkment
758;161;139;6;;
759;139;139;6;;1
Pasenger : 272
 Start: 161 End: 130
Segments: 4
ID;Start location; End location; Terminal; Bus;Embarkment
760;161;415;6;;
761;415;411;; terminalbus;
762;411;130;9;;
763;130;130;9;;1
Pasenger : 273
 Start: 165 End: 60
Segments: 1
ID;Start location; End location; Terminal; Bus;Embarkment
764;165;60;6;;
Pasenger : 274
 Start: 165 End: 60
Segments: 1
ID;Start location; End location; Terminal; Bus;Embarkment
765;165;60;6;;
Pasenger : 275
 Start: 165 End: 60
Segments: 1
ID;Start location; End location; Terminal; Bus;Embarkment
766;165;60;6;;
Pasenger : 276
 Start: 165 End: 60
Segments: 1
ID;Start location; End location; Terminal; Bus;Embarkment
767;165;60;6;;
Pasenger : 277
 Start: 165 End: 60
Segments: 1
ID;Start location; End location; Terminal; Bus;Embarkment
768;165;60;6;;
Pasenger : 278
 Start: 350 End: 139
Segments: 2
ID;Start location; End location; Terminal; Bus;Embarkment
769;350;139;6;;
770;139;139;6;;1
Pasenger : 280
 Start: 304 End: 174
Segments: 5
ID;Start location; End location; Terminal; Bus;Embarkment
776;304;64;; airsidebus;
777;64;411;9;;
778;411;412;; terminalbus;
779;412;174;3;;
780;174;174;3;;1
Pasenger : 281
 Start: 304 End: 174
Segments: 5
ID;Start location; End location; Terminal; Bus;Embarkment
781;304;64;; airsidebus;
782;64;411;9;;
783;411;412;; terminalbus;
784;412;174;3;;
785;174;174;3;;1
Pasenger : 282
 Start: 304 End: 32
Segments: 6
ID;Start location; End location; Terminal; Bus;Embarkment
786;304;64;; airsidebus;
787;64;411;9;;
788;411;410;; terminalbus;
789;410;94;8;;
790;94;94;8;;1
791;94;32;; airsidebus;
Pasenger : 283
 Start: 133 End: 60
Segments: 1
ID;Start location; End location; Terminal; Bus;Embarkment
792;133;60;9;;
Pasenger : 284
 Start: 133 End: 124
Segments: 2
ID;Start location; End location; Terminal; Bus;Embarkment
793;133;124;9;;
794;124;124;9;;1
Pasenger : 285
 Start: 133 End: 60
Segments: 1
ID;Start location; End location; Terminal; Bus;Embarkment
795;133;60;9;;
Pasenger : 286
 Start: 307 End: 143
Segments: 2
ID;Start location; End location; Terminal; Bus;Embarkment
796;307;143;6;;
797;143;143;6;;1
Pasenger : 287
 Start: 307 End: 162
Segments: 4
ID;Start location; End location; Terminal; Bus;Embarkment
798;307;415;6;;
799;415;412;; terminalbus;
800;412;162;3;;
801;162;162;3;;1
Pasenger : 288
 Start: 133 End: 192
Segments: 4
ID;Start location; End location; Terminal; Bus;Embarkment
802;133;411;9;;
803;411;413;; terminalbus;
804;413;192;4;;
805;192;192;4;;1
Pasenger : 289
 Start: 133 End: 16
Segments: 4
ID;Start location; End location; Terminal; Bus;Embarkment
806;133;411;9;;
807;411;407;; terminalbus;
808;407;16;2;;
809;16;16;2;;1
Pasenger : 290
 Start: 204 End: 69
Segments: 4
ID;Start location; End location; Terminal; Bus;Embarkment
810;204;413;4;;
811;413;410;; terminalbus;
812;410;69;8;;
813;69;69;8;;1
Pasenger : 291
 Start: 208 End: 19
Segments: 4
ID;Start location; End location; Terminal; Bus;Embarkment
814;208;413;4;;
815;413;407;; terminalbus;
816;407;19;2;;
817;19;19;2;;1
Pasenger : 292
 Start: 340 End: 124
Segments: 2
ID;Start location; End location; Terminal; Bus;Embarkment
818;340;124;9;;
819;124;124;9;;1
Pasenger : 293
 Start: 208 End: 195
Segments: 2
ID;Start location; End location; Terminal; Bus;Embarkment
820;208;195;4;;
821;195;195;4;;1
Pasenger : 294
 Start: 204 End: 60
Segments: 1
ID;Start location; End location; Terminal; Bus;Embarkment
822;204;60;4;;
Pasenger : 295
 Start: 208 End: 60
Segments: 1
ID;Start location; End location; Terminal; Bus;Embarkment
823;208;60;4;;
Pasenger : 296
 Start: 208 End: 195
Segments: 2
ID;Start location; End location; Terminal; Bus;Embarkment
824;208;195;4;;
825;195;195;4;;1
Pasenger : 297
 Start: 201 End: 112
Segments: 4
ID;Start location; End location; Terminal; Bus;Embarkment
826;201;413;4;;
827;413;411;; terminalbus;
828;411;112;9;;
829;112;112;9;;1
Pasenger : 298
 Start: 103 End: 129
Segments: 4
ID;Start location; End location; Terminal; Bus;Embarkment
830;103;415;6;;
831;415;411;; terminalbus;
832;411;129;9;;
833;129;129;9;;1
Pasenger : 299
 Start: 201 End: 155
Segments: 4
ID;Start location; End location; Terminal; Bus;Embarkment
834;201;413;4;;
835;413;415;; terminalbus;
836;415;155;6;;
837;155;155;6;;1
Pasenger : 300
 Start: 103 End: 155
Segments: 2
ID;Start location; End location; Terminal; Bus;Embarkment
838;103;155;6;;
839;155;155;6;;1
Pasenger : 301
 Start: 201 End: 125
Segments: 4
ID;Start location; End location; Terminal; Bus;Embarkment
840;201;413;4;;
841;413;411;; terminalbus;
842;411;125;9;;
843;125;125;9;;1
Pasenger : 302
 Start: 201 End: 192
Segments: 2
ID;Start location; End location; Terminal; Bus;Embarkment
844;201;192;4;;
845;192;192;4;;1
Pasenger : 303
 Start: 370 End: 190
Segments: 2
ID;Start location; End location; Terminal; Bus;Embarkment
846;370;190;4;;
847;190;190;4;;1
Pasenger : 304
 Start: 362 End: 177
Segments: 2
ID;Start location; End location; Terminal; Bus;Embarkment
848;362;177;3;;
849;177;177;3;;1
Pasenger : 305
 Start: 287 End: 311
Segments: 5
ID;Start location; End location; Terminal; Bus;Embarkment
850;287;414;10;;
851;414;411;; terminalbus;
852;411;136;9;;
853;136;136;9;;1
854;136;311;; airsidebus;
Pasenger : 306
 Start: 166 End: 195
Segments: 4
ID;Start location; End location; Terminal; Bus;Embarkment
855;166;412;3;;
856;412;413;; terminalbus;
857;413;195;4;;
858;195;195;4;;1
Pasenger : 307
 Start: 283 End: 195
Segments: 4
ID;Start location; End location; Terminal; Bus;Embarkment
859;283;414;10;;
860;414;413;; terminalbus;
861;413;195;4;;
862;195;195;4;;1
Pasenger : 308
 Start: 166 End: 195
Segments: 4
ID;Start location; End location; Terminal; Bus;Embarkment
863;166;412;3;;
864;412;413;; terminalbus;
865;413;195;4;;
866;195;195;4;;1
Pasenger : 309
 Start: 283 End: 195
Segments: 4
ID;Start location; End location; Terminal; Bus;Embarkment
867;283;414;10;;
868;414;413;; terminalbus;
869;413;195;4;;
870;195;195;4;;1
Pasenger : 310
 Start: 166 End: 195
Segments: 4
ID;Start location; End location; Terminal; Bus;Embarkment
871;166;412;3;;
872;412;413;; terminalbus;
873;413;195;4;;
874;195;195;4;;1
Pasenger : 311
 Start: 166 End: 195
Segments: 4
ID;Start location; End location; Terminal; Bus;Embarkment
875;166;412;3;;
876;412;413;; terminalbus;
877;413;195;4;;
878;195;195;4;;1
Pasenger : 312
 Start: 288 End: 192
Segments: 4
ID;Start location; End location; Terminal; Bus;Embarkment
879;288;414;10;;
880;414;413;; terminalbus;
881;413;192;4;;
882;192;192;4;;1
Pasenger : 313
 Start: 120 End: 125
Segments: 4
ID;Start location; End location; Terminal; Bus;Embarkment
883;120;415;6;;
884;415;411;; terminalbus;
885;411;125;9;;
886;125;125;9;;1
Pasenger : 314
 Start: 120 End: 125
Segments: 4
ID;Start location; End location; Terminal; Bus;Embarkment
887;120;415;6;;
888;415;411;; terminalbus;
889;411;125;9;;
890;125;125;9;;1
Pasenger : 315
 Start: 120 End: 130
Segments: 4
ID;Start location; End location; Terminal; Bus;Embarkment
891;120;415;6;;
892;415;411;; terminalbus;
893;411;130;9;;
894;130;130;9;;1
Pasenger : 316
 Start: 345 End: 106
Segments: 2
ID;Start location; End location; Terminal; Bus;Embarkment
895;345;106;9;;
896;106;106;9;;1
Pasenger : 317
 Start: 164 End: 208
Segments: 4
ID;Start location; End location; Terminal; Bus;Embarkment
897;164;412;3;;
898;412;413;; terminalbus;
899;413;208;4;;
900;208;208;4;;1
Pasenger : 318
 Start: 164 End: 208
Segments: 4
ID;Start location; End location; Terminal; Bus;Embarkment
901;164;412;3;;
902;412;413;; terminalbus;
903;413;208;4;;
904;208;208;4;;1
Pasenger : 319
 Start: 61 End: 243
Segments: 2
ID;Start location; End location; Terminal; Bus;Embarkment
905;61;243;10;;
906;243;243;10;;1
Pasenger : 321
 Start: 76 End: 60
Segments: 2
ID;Start location; End location; Terminal; Bus;Embarkment
907;76;27;; airsidebus;
908;27;60;3;;
Pasenger : 322
 Start: 71 End: 60
Segments: 2
ID;Start location; End location; Terminal; Bus;Embarkment
909;71;27;; airsidebus;
910;27;60;3;;
Pasenger : 323
 Start: 71 End: 152
Segments: 5
ID;Start location; End location; Terminal; Bus;Embarkment
911;71;27;; airsidebus;
912;27;412;3;;
913;412;415;; terminalbus;
914;415;152;6;;
915;152;152;6;;1
Pasenger : 324
 Start: 349 End: 133
Segments: 2
ID;Start location; End location; Terminal; Bus;Embarkment
916;349;133;9;;
917;133;133;9;;1
Pasenger : 325
 Start: 273 End: 60
Segments: 2
ID;Start location; End location; Terminal; Bus;Embarkment
918;273;64;; airsidebus;
919;64;60;9;;
Pasenger : 326
 Start: 170 End: 71
Segments: 5
ID;Start location; End location; Terminal; Bus;Embarkment
920;170;412;3;;
921;412;413;; terminalbus;
922;413;187;4;;
923;187;187;4;;1
924;187;71;; airsidebus;
Pasenger : 327
 Start: 273 End: 140
Segments: 5
ID;Start location; End location; Terminal; Bus;Embarkment
925;273;64;; airsidebus;
926;64;411;9;;
927;411;415;; terminalbus;
928;415;140;6;;
929;140;140;6;;1
Pasenger : 328
 Start: 273 End: 140
Segments: 5
ID;Start location; End location; Terminal; Bus;Embarkment
930;273;64;; airsidebus;
931;64;411;9;;
932;411;415;; terminalbus;
933;415;140;6;;
934;140;140;6;;1
Pasenger : 329
 Start: 170 End: 128
Segments: 4
ID;Start location; End location; Terminal; Bus;Embarkment
935;170;412;3;;
936;412;411;; terminalbus;
937;411;128;9;;
938;128;128;9;;1
Pasenger : 330
 Start: 366 End: 235
Segments: 2
ID;Start location; End location; Terminal; Bus;Embarkment
939;366;235;10;;
940;235;235;10;;1
Pasenger : 331
 Start: 338 End: 129
Segments: 2
ID;Start location; End location; Terminal; Bus;Embarkment
941;338;129;9;;
942;129;129;9;;1
Pasenger : 332
 Start: 107 End: 124
Segments: 4
ID;Start location; End location; Terminal; Bus;Embarkment
943;107;415;6;;
944;415;411;; terminalbus;
945;411;124;9;;
946;124;124;9;;1
Pasenger : 333
 Start: 107 End: 124
Segments: 4
ID;Start location; End location; Terminal; Bus;Embarkment
947;107;415;6;;
948;415;411;; terminalbus;
949;411;124;9;;
950;124;124;9;;1
Pasenger : 334
 Start: 107 End: 129
Segments: 4
ID;Start location; End location; Terminal; Bus;Embarkment
951;107;415;6;;
952;415;411;; terminalbus;
953;411;129;9;;
954;129;129;9;;1
Pasenger : 335
 Start: 107 End: 30
Segments: 5
ID;Start location; End location; Terminal; Bus;Embarkment
955;107;415;6;;
956;415;410;; terminalbus;
957;410;96;8;;
958;96;96;8;;1
959;96;30;; airsidebus;
Pasenger : 336
 Start: 107 End: 192
Segments: 4
ID;Start location; End location; Terminal; Bus;Embarkment
960;107;415;6;;
961;415;413;; terminalbus;
962;413;192;4;;
963;192;192;4;;1
Pasenger : 337
 Start: 339 End: 179
Segments: 2
ID;Start location; End location; Terminal; Bus;Embarkment
964;339;179;3;;
965;179;179;3;;1
Pasenger : 338
 Start: 365 End: 195
Segments: 2
ID;Start location; End location; Terminal; Bus;Embarkment
966;365;195;4;;
967;195;195;4;;1
Pasenger : 339
 Start: 296 End: 60
Segments: 1
ID;Start location; End location; Terminal; Bus;Embarkment
968;296;60;10;;
Pasenger : 340
 Start: 296 End: 60
Segments: 1
ID;Start location; End location; Terminal; Bus;Embarkment
969;296;60;10;;
Pasenger : 342
 Start: 296 End: 208
Segments: 4
ID;Start location; End location; Terminal; Bus;Embarkment
970;296;414;10;;
971;414;413;; terminalbus;
972;413;208;4;;
973;208;208;4;;1
Pasenger : 344
 Start: 60 End: 195
Segments: 2
ID;Start location; End location; Terminal; Bus;Embarkment
976;60;195;4;;
977;195;195;4;;1
Pasenger : 345
 Start: 340 End: 199
Segments: 2
ID;Start location; End location; Terminal; Bus;Embarkment
978;340;199;4;;
979;199;199;4;;1
Pasenger : 346
 Start: 309 End: 138
Segments: 2
ID;Start location; End location; Terminal; Bus;Embarkment
980;309;138;6;;
981;138;138;6;;1
Pasenger : 347
 Start: 309 End: 138
Segments: 2
ID;Start location; End location; Terminal; Bus;Embarkment
982;309;138;6;;
983;138;138;6;;1
Pasenger : 348
 Start: 309 End: 60
Segments: 1
ID;Start location; End location; Terminal; Bus;Embarkment
984;309;60;6;;
Pasenger : 349
 Start: 309 End: 60
Segments: 1
ID;Start location; End location; Terminal; Bus;Embarkment
985;309;60;6;;
Pasenger : 350
 Start: 182 End: 181
Segments: 2
ID;Start location; End location; Terminal; Bus;Embarkment
986;182;181;3;;
987;181;181;3;;1
Pasenger : 351
 Start: 162 End: 130
Segments: 4
ID;Start location; End location; Terminal; Bus;Embarkment
988;162;412;3;;
989;412;411;; terminalbus;
990;411;130;9;;
991;130;130;9;;1
Pasenger : 352
 Start: 162 End: 130
Segments: 4
ID;Start location; End location; Terminal; Bus;Embarkment
992;162;412;3;;
993;412;411;; terminalbus;
994;411;130;9;;
995;130;130;9;;1
Pasenger : 353
 Start: 340 End: 128
Segments: 2
ID;Start location; End location; Terminal; Bus;Embarkment
996;340;128;9;;
997;128;128;9;;1
Pasenger : 354
 Start: 349 End: 139
Segments: 2
ID;Start location; End location; Terminal; Bus;Embarkment
998;349;139;6;;
999;139;139;6;;1
Pasenger : 356
 Start: 340 End: 112
Segments: 2
ID;Start location; End location; Terminal; Bus;Embarkment
1002;340;112;9;;
1003;112;112;9;;1
Pasenger : 357
 Start: 362 End: 178
Segments: 2
ID;Start location; End location; Terminal; Bus;Embarkment
1004;362;178;3;;
1005;178;178;3;;1
Pasenger : 359
 Start: 168 End: 60
Segments: 1
ID;Start location; End location; Terminal; Bus;Embarkment
1008;168;60;3;;
Pasenger : 360
 Start: 168 End: 60
Segments: 1
ID;Start location; End location; Terminal; Bus;Embarkment
1009;168;60;3;;
Pasenger : 361
 Start: 168 End: 60
Segments: 1
ID;Start location; End location; Terminal; Bus;Embarkment
1010;168;60;3;;
Pasenger : 362
 Start: 384 End: 70
Segments: 3
ID;Start location; End location; Terminal; Bus;Embarkment
1011;384;184;3;;
1012;184;184;3;;1
1013;184;70;; airsidebus;
Pasenger : 364
 Start: 170 End: 130
Segments: 4
ID;Start location; End location; Terminal; Bus;Embarkment
1016;170;412;3;;
1017;412;411;; terminalbus;
1018;411;130;9;;
1019;130;130;9;;1
Pasenger : 365
 Start: 125 End: 193
Segments: 4
ID;Start location; End location; Terminal; Bus;Embarkment
1020;125;411;9;;
1021;411;413;; terminalbus;
1022;413;193;4;;
1023;193;193;4;;1
Pasenger : 366
 Start: 125 End: 193
Segments: 4
ID;Start location; End location; Terminal; Bus;Embarkment
1024;125;411;9;;
1025;411;413;; terminalbus;
1026;413;193;4;;
1027;193;193;4;;1
Pasenger : 367
 Start: 200 End: 139
Segments: 4
ID;Start location; End location; Terminal; Bus;Embarkment
1028;200;413;4;;
1029;413;415;; terminalbus;
1030;415;139;6;;
1031;139;139;6;;1
Pasenger : 368
 Start: 200 End: 60
Segments: 1
ID;Start location; End location; Terminal; Bus;Embarkment
1032;200;60;4;;
Pasenger : 369
 Start: 200 End: 60
Segments: 1
ID;Start location; End location; Terminal; Bus;Embarkment
1033;200;60;4;;
Pasenger : 370
 Start: 200 End: 60
Segments: 1
ID;Start location; End location; Terminal; Bus;Embarkment
1034;200;60;4;;
Pasenger : 371
 Start: 200 End: 128
Segments: 4
ID;Start location; End location; Terminal; Bus;Embarkment
1035;200;413;4;;
1036;413;411;; terminalbus;
1037;411;128;9;;
1038;128;128;9;;1
Pasenger : 372
 Start: 340 End: 121
Segments: 2
ID;Start location; End location; Terminal; Bus;Embarkment
1039;340;121;9;;
1040;121;121;9;;1
Pasenger : 373
 Start: 308 End: 61
Segments: 1
ID;Start location; End location; Terminal; Bus;Embarkment
1041;308;61;6;;
Pasenger : 374
 Start: 363 End: 32
Segments: 3
ID;Start location; End location; Terminal; Bus;Embarkment
1042;363;173;3;;
1043;173;173;3;;1
1044;173;32;; airsidebus;
Pasenger : 375
 Start: 178 End: 60
Segments: 1
ID;Start location; End location; Terminal; Bus;Embarkment
1045;178;60;3;;
Pasenger : 376
 Start: 178 End: 60
Segments: 1
ID;Start location; End location; Terminal; Bus;Embarkment
1046;178;60;3;;
Pasenger : 377
 Start: 346 End: 128
Segments: 2
ID;Start location; End location; Terminal; Bus;Embarkment
1047;346;128;9;;
1048;128;128;9;;1
Pasenger : 378
 Start: 298 End: 89
Segments: 4
ID;Start location; End location; Terminal; Bus;Embarkment
1049;298;415;6;;
1050;415;410;; terminalbus;
1051;410;89;8;;
1052;89;89;8;;1
Pasenger : 379
 Start: 298 End: 60
Segments: 1
ID;Start location; End location; Terminal; Bus;Embarkment
1053;298;60;6;;
Pasenger : 380
 Start: 372 End: 208
Segments: 2
ID;Start location; End location; Terminal; Bus;Embarkment
1054;372;208;4;;
1055;208;208;4;;1
Pasenger : 381
 Start: 112 End: 177
Segments: 4
ID;Start location; End location; Terminal; Bus;Embarkment
1056;112;411;9;;
1057;411;412;; terminalbus;
1058;412;177;3;;
1059;177;177;3;;1
Pasenger : 382
 Start: 349 End: 142
Segments: 2
ID;Start location; End location; Terminal; Bus;Embarkment
1060;349;142;6;;
1061;142;142;6;;1
Pasenger : 383
 Start: 259 End: 192
Segments: 5
ID;Start location; End location; Terminal; Bus;Embarkment
1062;259;27;; airsidebus;
1063;27;412;3;;
1064;412;413;; terminalbus;
1065;413;192;4;;
1066;192;192;4;;1
Pasenger : 384
 Start: 280 End: 60
Segments: 1
ID;Start location; End location; Terminal; Bus;Embarkment
1067;280;60;10;;
Pasenger : 385
 Start: 259 End: 60
Segments: 2
ID;Start location; End location; Terminal; Bus;Embarkment
1068;259;27;; airsidebus;
1069;27;60;3;;
Pasenger : 386
 Start: 371 End: 192
Segments: 2
ID;Start location; End location; Terminal; Bus;Embarkment
1070;371;192;4;;
1071;192;192;4;;1
Pasenger : 387
 Start: 123 End: 60
Segments: 1
ID;Start location; End location; Terminal; Bus;Embarkment
1072;123;60;9;;
Pasenger : 388
 Start: 123 End: 60
Segments: 1
ID;Start location; End location; Terminal; Bus;Embarkment
1073;123;60;9;;
Pasenger : 389
 Start: 123 End: 94
Segments: 4
ID;Start location; End location; Terminal; Bus;Embarkment
1074;123;411;9;;
1075;411;410;; terminalbus;
1076;410;94;8;;
1077;94;94;8;;1
Pasenger : 391
 Start: 133 End: 178
Segments: 4
ID;Start location; End location; Terminal; Bus;Embarkment
1082;133;411;9;;
1083;411;412;; terminalbus;
1084;412;178;3;;
1085;178;178;3;;1
Pasenger : 392
 Start: 287 End: 192
Segments: 4
ID;Start location; End location; Terminal; Bus;Embarkment
1086;287;414;10;;
1087;414;413;; terminalbus;
1088;413;192;4;;
1089;192;192;4;;1
Pasenger : 393
 Start: 133 End: 60
Segments: 1
ID;Start location; End location; Terminal; Bus;Embarkment
1090;133;60;9;;
Pasenger : 394
 Start: 347 End: 122
Segments: 2
ID;Start location; End location; Terminal; Bus;Embarkment
1091;347;122;9;;
1092;122;122;9;;1
Pasenger : 395
 Start: 271 End: 125
Segments: 3
ID;Start location; End location; Terminal; Bus;Embarkment
1093;271;64;; airsidebus;
1094;64;125;9;;
1095;125;125;9;;1
Pasenger : 396
 Start: 348 End: 122
Segments: 2
ID;Start location; End location; Terminal; Bus;Embarkment
1096;348;122;9;;
1097;122;122;9;;1
Pasenger : 397
 Start: 162 End: 140
Segments: 4
ID;Start location; End location; Terminal; Bus;Embarkment
1098;162;412;3;;
1099;412;415;; terminalbus;
1100;415;140;6;;
1101;140;140;6;;1
Pasenger : 398
 Start: 160 End: 60
Segments: 1
ID;Start location; End location; Terminal; Bus;Embarkment
1102;160;60;3;;
Pasenger : 399
 Start: 160 End: 60
Segments: 1
ID;Start location; End location; Terminal; Bus;Embarkment
1103;160;60;3;;
Pasenger : 400
 Start: 160 End: 60
Segments: 1
ID;Start location; End location; Terminal; Bus;Embarkment
1104;160;60;3;;
Pasenger : 401
 Start: 160 End: 60
Segments: 1
ID;Start location; End location; Terminal; Bus;Embarkment
1105;160;60;3;;
Pasenger : 402
 Start: 160 End: 60
Segments: 1
ID;Start location; End location; Terminal; Bus;Embarkment
1106;160;60;3;;
Pasenger : 403
 Start: 160 End: 118
Segments: 4
ID;Start location; End location; Terminal; Bus;Embarkment
1107;160;412;3;;
1108;412;411;; terminalbus;
1109;411;118;9;;
1110;118;118;9;;1
Pasenger : 408
 Start: 174 End: 125
Segments: 4
ID;Start location; End location; Terminal; Bus;Embarkment
1124;174;412;3;;
1125;412;411;; terminalbus;
1126;411;125;9;;
1127;125;125;9;;1
Pasenger : 409
 Start: 174 End: 125
Segments: 4
ID;Start location; End location; Terminal; Bus;Embarkment
1128;174;412;3;;
1129;412;411;; terminalbus;
1130;411;125;9;;
1131;125;125;9;;1
Pasenger : 410
 Start: 174 End: 125
Segments: 4
ID;Start location; End location; Terminal; Bus;Embarkment
1132;174;412;3;;
1133;412;411;; terminalbus;
1134;411;125;9;;
1135;125;125;9;;1
Pasenger : 411
 Start: 174 End: 125
Segments: 4
ID;Start location; End location; Terminal; Bus;Embarkment
1136;174;412;3;;
1137;412;411;; terminalbus;
1138;411;125;9;;
1139;125;125;9;;1
Pasenger : 412
 Start: 174 End: 142
Segments: 4
ID;Start location; End location; Terminal; Bus;Embarkment
1140;174;412;3;;
1141;412;415;; terminalbus;
1142;415;142;6;;
1143;142;142;6;;1
Pasenger : 413
 Start: 291 End: 192
Segments: 4
ID;Start location; End location; Terminal; Bus;Embarkment
1144;291;414;10;;
1145;414;413;; terminalbus;
1146;413;192;4;;
1147;192;192;4;;1
Pasenger : 414
 Start: 296 End: 128
Segments: 4
ID;Start location; End location; Terminal; Bus;Embarkment
1148;296;414;10;;
1149;414;411;; terminalbus;
1150;411;128;9;;
1151;128;128;9;;1
Pasenger : 415
 Start: 296 End: 128
Segments: 4
ID;Start location; End location; Terminal; Bus;Embarkment
1152;296;414;10;;
1153;414;411;; terminalbus;
1154;411;128;9;;
1155;128;128;9;;1
Pasenger : 416
 Start: 281 End: 128
Segments: 4
ID;Start location; End location; Terminal; Bus;Embarkment
1156;281;414;10;;
1157;414;411;; terminalbus;
1158;411;128;9;;
1159;128;128;9;;1
Pasenger : 417
 Start: 174 End: 128
Segments: 4
ID;Start location; End location; Terminal; Bus;Embarkment
1160;174;412;3;;
1161;412;411;; terminalbus;
1162;411;128;9;;
1163;128;128;9;;1
Pasenger : 418
 Start: 174 End: 128
Segments: 4
ID;Start location; End location; Terminal; Bus;Embarkment
1164;174;412;3;;
1165;412;411;; terminalbus;
1166;411;128;9;;
1167;128;128;9;;1
Pasenger : 419
 Start: 174 End: 128
Segments: 4
ID;Start location; End location; Terminal; Bus;Embarkment
1168;174;412;3;;
1169;412;411;; terminalbus;
1170;411;128;9;;
1171;128;128;9;;1
Pasenger : 420
 Start: 164 End: 130
Segments: 4
ID;Start location; End location; Terminal; Bus;Embarkment
1172;164;412;3;;
1173;412;411;; terminalbus;
1174;411;130;9;;
1175;130;130;9;;1
Pasenger : 421
 Start: 120 End: 125
Segments: 4
ID;Start location; End location; Terminal; Bus;Embarkment
1176;120;415;6;;
1177;415;411;; terminalbus;
1178;411;125;9;;
1179;125;125;9;;1
Pasenger : 427
 Start: 166 End: 192
Segments: 4
ID;Start location; End location; Terminal; Bus;Embarkment
1180;166;412;3;;
1181;412;413;; terminalbus;
1182;413;192;4;;
1183;192;192;4;;1
Pasenger : 428
 Start: 120 End: 128
Segments: 4
ID;Start location; End location; Terminal; Bus;Embarkment
1184;120;415;6;;
1185;415;411;; terminalbus;
1186;411;128;9;;
1187;128;128;9;;1
Pasenger : 429
 Start: 120 End: 128
Segments: 4
ID;Start location; End location; Terminal; Bus;Embarkment
1188;120;415;6;;
1189;415;411;; terminalbus;
1190;411;128;9;;
1191;128;128;9;;1
Pasenger : 431
 Start: 201 End: 130
Segments: 4
ID;Start location; End location; Terminal; Bus;Embarkment
1192;201;413;4;;
1193;413;411;; terminalbus;
1194;411;130;9;;
1195;130;130;9;;1
Pasenger : 432
 Start: 166 End: 60
Segments: 1
ID;Start location; End location; Terminal; Bus;Embarkment
1196;166;60;3;;
Pasenger : 434
 Start: 201 End: 60
Segments: 1
ID;Start location; End location; Terminal; Bus;Embarkment
1197;201;60;4;;
Pasenger : 435
 Start: 166 End: 60
Segments: 1
ID;Start location; End location; Terminal; Bus;Embarkment
1198;166;60;3;;
Pasenger : 436
 Start: 272 End: 145
Segments: 5
ID;Start location; End location; Terminal; Bus;Embarkment
1199;272;64;; airsidebus;
1200;64;411;9;;
1201;411;415;; terminalbus;
1202;415;145;6;;
1203;145;145;6;;1
Pasenger : 437
 Start: 346 End: 108
Segments: 2
ID;Start location; End location; Terminal; Bus;Embarkment
1204;346;108;9;;
1205;108;108;9;;1
Pasenger : 438
 Start: 334 End: 192
Segments: 2
ID;Start location; End location; Terminal; Bus;Embarkment
1206;334;192;4;;
1207;192;192;4;;1
Pasenger : 439
 Start: 368 End: 192
Segments: 2
ID;Start location; End location; Terminal; Bus;Embarkment
1208;368;192;4;;
1209;192;192;4;;1
Pasenger : 440
 Start: 178 End: 130
Segments: 4
ID;Start location; End location; Terminal; Bus;Embarkment
1210;178;412;3;;
1211;412;411;; terminalbus;
1212;411;130;9;;
1213;130;130;9;;1
Pasenger : 441
 Start: 178 End: 60
Segments: 1
ID;Start location; End location; Terminal; Bus;Embarkment
1214;178;60;3;;
Pasenger : 442
 Start: 108 End: 60
Segments: 1
ID;Start location; End location; Terminal; Bus;Embarkment
1215;108;60;9;;
Pasenger : 444
 Start: 207 End: 60
Segments: 1
ID;Start location; End location; Terminal; Bus;Embarkment
1218;207;60;4;;
Pasenger : 445
 Start: 207 End: 60
Segments: 1
ID;Start location; End location; Terminal; Bus;Embarkment
1219;207;60;4;;
Pasenger : 446
 Start: 207 End: 60
Segments: 1
ID;Start location; End location; Terminal; Bus;Embarkment
1220;207;60;4;;
Pasenger : 447
 Start: 207 End: 129
Segments: 4
ID;Start location; End location; Terminal; Bus;Embarkment
1221;207;413;4;;
1222;413;411;; terminalbus;
1223;411;129;9;;
1224;129;129;9;;1
Pasenger : 448
 Start: 357 End: 230
Segments: 2
ID;Start location; End location; Terminal; Bus;Embarkment
1225;357;230;10;;
1226;230;230;10;;1
Pasenger : 450
 Start: 339 End: 154
Segments: 2
ID;Start location; End location; Terminal; Bus;Embarkment
1229;339;154;6;;
1230;154;154;6;;1
Pasenger : 451
 Start: 370 End: 74
Segments: 3
ID;Start location; End location; Terminal; Bus;Embarkment
1231;370;188;4;;
1232;188;188;4;;1
1233;188;74;; airsidebus;
Pasenger : 452
 Start: 168 End: 60
Segments: 1
ID;Start location; End location; Terminal; Bus;Embarkment
1234;168;60;3;;
Pasenger : 453
 Start: 168 End: 60
Segments: 1
ID;Start location; End location; Terminal; Bus;Embarkment
1235;168;60;3;;
Pasenger : 454
 Start: 168 End: 197
Segments: 4
ID;Start location; End location; Terminal; Bus;Embarkment
1236;168;412;3;;
1237;412;413;; terminalbus;
1238;413;197;4;;
1239;197;197;4;;1
Pasenger : 455
 Start: 168 End: 197
Segments: 4
ID;Start location; End location; Terminal; Bus;Embarkment
1240;168;412;3;;
1241;412;413;; terminalbus;
1242;413;197;4;;
1243;197;197;4;;1
Pasenger : 456
 Start: 118 End: 176
Segments: 4
ID;Start location; End location; Terminal; Bus;Embarkment
1244;118;411;9;;
1245;411;412;; terminalbus;
1246;412;176;3;;
1247;176;176;3;;1
Pasenger : 457
 Start: 174 End: 60
Segments: 1
ID;Start location; End location; Terminal; Bus;Embarkment
1248;174;60;3;;
Pasenger : 458
 Start: 174 End: 60
Segments: 1
ID;Start location; End location; Terminal; Bus;Embarkment
1249;174;60;3;;
Pasenger : 459
 Start: 174 End: 154
Segments: 4
ID;Start location; End location; Terminal; Bus;Embarkment
1250;174;412;3;;
1251;412;415;; terminalbus;
1252;415;154;6;;
1253;154;154;6;;1
Pasenger : 460
 Start: 135 End: 98
Segments: 4
ID;Start location; End location; Terminal; Bus;Embarkment
1254;135;411;9;;
1255;411;410;; terminalbus;
1256;410;98;8;;
1257;98;98;8;;1
Pasenger : 461
 Start: 174 End: 17
Segments: 4
ID;Start location; End location; Terminal; Bus;Embarkment
1258;174;412;3;;
1259;412;407;; terminalbus;
1260;407;17;2;;
1261;17;17;2;;1
Pasenger : 462
 Start: 211 End: 96
Segments: 4
ID;Start location; End location; Terminal; Bus;Embarkment
1262;211;413;4;;
1263;413;410;; terminalbus;
1264;410;96;8;;
1265;96;96;8;;1
Pasenger : 463
 Start: 211 End: 121
Segments: 4
ID;Start location; End location; Terminal; Bus;Embarkment
1266;211;413;4;;
1267;413;411;; terminalbus;
1268;411;121;9;;
1269;121;121;9;;1
Pasenger : 464
 Start: 211 End: 60
Segments: 1
ID;Start location; End location; Terminal; Bus;Embarkment
1270;211;60;4;;
Pasenger : 465
 Start: 211 End: 60
Segments: 1
ID;Start location; End location; Terminal; Bus;Embarkment
1271;211;60;4;;
Pasenger : 466
 Start: 211 End: 146
Segments: 4
ID;Start location; End location; Terminal; Bus;Embarkment
1272;211;413;4;;
1273;413;415;; terminalbus;
1274;415;146;6;;
1275;146;146;6;;1
Pasenger : 467
 Start: 211 End: 179
Segments: 4
ID;Start location; End location; Terminal; Bus;Embarkment
1276;211;413;4;;
1277;413;412;; terminalbus;
1278;412;179;3;;
1279;179;179;3;;1
Pasenger : 468
 Start: 363 End: 191
Segments: 2
ID;Start location; End location; Terminal; Bus;Embarkment
1280;363;191;4;;
1281;191;191;4;;1
Pasenger : 469
 Start: 133 End: 60
Segments: 1
ID;Start location; End location; Terminal; Bus;Embarkment
1282;133;60;9;;
Pasenger : 470
 Start: 117 End: 60
Segments: 1
ID;Start location; End location; Terminal; Bus;Embarkment
1283;117;60;6;;
Pasenger : 471
 Start: 117 End: 60
Segments: 1
ID;Start location; End location; Terminal; Bus;Embarkment
1284;117;60;6;;
Pasenger : 472
 Start: 117 End: 60
Segments: 1
ID;Start location; End location; Terminal; Bus;Embarkment
1285;117;60;6;;
Pasenger : 473
 Start: 133 End: 60
Segments: 1
ID;Start location; End location; Terminal; Bus;Embarkment
1286;133;60;9;;
Pasenger : 474
 Start: 162 End: 60
Segments: 1
ID;Start location; End location; Terminal; Bus;Embarkment
1287;162;60;3;;
Pasenger : 475
 Start: 133 End: 60
Segments: 1
ID;Start location; End location; Terminal; Bus;Embarkment
1288;133;60;9;;
Pasenger : 476
 Start: 162 End: 197
Segments: 4
ID;Start location; End location; Terminal; Bus;Embarkment
1289;162;412;3;;
1290;412;413;; terminalbus;
1291;413;197;4;;
1292;197;197;4;;1
Pasenger : 477
 Start: 162 End: 197
Segments: 4
ID;Start location; End location; Terminal; Bus;Embarkment
1293;162;412;3;;
1294;412;413;; terminalbus;
1295;413;197;4;;
1296;197;197;4;;1
Pasenger : 478
 Start: 370 End: 192
Segments: 2
ID;Start location; End location; Terminal; Bus;Embarkment
1297;370;192;4;;
1298;192;192;4;;1
Pasenger : 479
 Start: 112 End: 235
Segments: 4
ID;Start location; End location; Terminal; Bus;Embarkment
1299;112;411;9;;
1300;411;414;; terminalbus;
1301;414;235;10;;
1302;235;235;10;;1
Pasenger : 480
 Start: 111 End: 384
Segments: 1
ID;Start location; End location; Terminal; Bus;Embarkment
1303;111;384;9;;
Pasenger : 481
 Start: 111 End: 60
Segments: 1
ID;Start location; End location; Terminal; Bus;Embarkment
1304;111;60;9;;
Pasenger : 482
 Start: 111 End: 60
Segments: 1
ID;Start location; End location; Terminal; Bus;Embarkment
1305;111;60;9;;
Pasenger : 483
 Start: 371 End: 192
Segments: 2
ID;Start location; End location; Terminal; Bus;Embarkment
1306;371;192;4;;
1307;192;192;4;;1
Pasenger : 484
 Start: 349 End: 129
Segments: 2
ID;Start location; End location; Terminal; Bus;Embarkment
1308;349;129;9;;
1309;129;129;9;;1
Pasenger : 485
 Start: 166 End: 16
Segments: 4
ID;Start location; End location; Terminal; Bus;Embarkment
1310;166;412;3;;
1311;412;407;; terminalbus;
1312;407;16;2;;
1313;16;16;2;;1
Pasenger : 486
 Start: 180 End: 153
Segments: 4
ID;Start location; End location; Terminal; Bus;Embarkment
1314;180;412;3;;
1315;412;415;; terminalbus;
1316;415;153;6;;
1317;153;153;6;;1
Pasenger : 487
 Start: 159 End: 228
Segments: 4
ID;Start location; End location; Terminal; Bus;Embarkment
1318;159;412;3;;
1319;412;414;; terminalbus;
1320;414;228;10;;
1321;228;228;10;;1
Pasenger : 488
 Start: 349 End: 129
Segments: 2
ID;Start location; End location; Terminal; Bus;Embarkment
1322;349;129;9;;
1323;129;129;9;;1
Pasenger : 489
 Start: 131 End: 154
Segments: 4
ID;Start location; End location; Terminal; Bus;Embarkment
1324;131;411;9;;
1325;411;415;; terminalbus;
1326;415;154;6;;
1327;154;154;6;;1
Pasenger : 490
 Start: 157 End: 60
Segments: 1
ID;Start location; End location; Terminal; Bus;Embarkment
1328;157;60;3;;
Pasenger : 491
 Start: 347 End: 121
Segments: 2
ID;Start location; End location; Terminal; Bus;Embarkment
1329;347;121;9;;
1330;121;121;9;;1
Pasenger : 492
 Start: 182 End: 120
Segments: 4
ID;Start location; End location; Terminal; Bus;Embarkment
1331;182;412;3;;
1332;412;415;; terminalbus;
1333;415;120;6;;
1334;120;120;6;;1
Pasenger : 493
 Start: 182 End: 132
Segments: 4
ID;Start location; End location; Terminal; Bus;Embarkment
1335;182;412;3;;
1336;412;411;; terminalbus;
1337;411;132;9;;
1338;132;132;9;;1
Pasenger : 494
 Start: 129 End: 46
Segments: 5
ID;Start location; End location; Terminal; Bus;Embarkment
1339;129;411;9;;
1340;411;409;; terminalbus;
1341;409;54;7;;
1342;54;54;7;;1
1343;54;46;; airsidebus;
Pasenger : 495
 Start: 129 End: 153
Segments: 4
ID;Start location; End location; Terminal; Bus;Embarkment
1344;129;411;9;;
1345;411;415;; terminalbus;
1346;415;153;6;;
1347;153;153;6;;1
Pasenger : 496
 Start: 103 End: 60
Segments: 1
ID;Start location; End location; Terminal; Bus;Embarkment
1348;103;60;6;;
Pasenger : 497
 Start: 103 End: 231
Segments: 4
ID;Start location; End location; Terminal; Bus;Embarkment
1349;103;415;6;;
1350;415;414;; terminalbus;
1351;414;231;10;;
1352;231;231;10;;1
Pasenger : 498
 Start: 281 End: 178
Segments: 4
ID;Start location; End location; Terminal; Bus;Embarkment
1353;281;414;10;;
1354;414;412;; terminalbus;
1355;412;178;3;;
1356;178;178;3;;1
Pasenger : 499
 Start: 281 End: 99
Segments: 4
ID;Start location; End location; Terminal; Bus;Embarkment
1357;281;414;10;;
1358;414;410;; terminalbus;
1359;410;99;8;;
1360;99;99;8;;1
Pasenger : 500
 Start: 281 End: 130
Segments: 4
ID;Start location; End location; Terminal; Bus;Embarkment
1361;281;414;10;;
1362;414;411;; terminalbus;
1363;411;130;9;;
1364;130;130;9;;1
Pasenger : 501
 Start: 340 End: 121
Segments: 2
ID;Start location; End location; Terminal; Bus;Embarkment
1365;340;121;9;;
1366;121;121;9;;1
Pasenger : 502
 Start: 349 End: 129
Segments: 2
ID;Start location; End location; Terminal; Bus;Embarkment
1367;349;129;9;;
1368;129;129;9;;1
Pasenger : 503
 Start: 349 End: 129
Segments: 2
ID;Start location; End location; Terminal; Bus;Embarkment
1369;349;129;9;;
1370;129;129;9;;1
Pasenger : 504
 Start: 369 End: 192
Segments: 2
ID;Start location; End location; Terminal; Bus;Embarkment
1371;369;192;4;;
1372;192;192;4;;1
Pasenger : 505
 Start: 105 End: 94
Segments: 4
ID;Start location; End location; Terminal; Bus;Embarkment
1373;105;415;6;;
1374;415;410;; terminalbus;
1375;410;94;8;;
1376;94;94;8;;1
Pasenger : 506
 Start: 105 End: 175
Segments: 4
ID;Start location; End location; Terminal; Bus;Embarkment
1377;105;415;6;;
1378;415;412;; terminalbus;
1379;412;175;3;;
1380;175;175;3;;1
Pasenger : 507
 Start: 104 End: 99
Segments: 4
ID;Start location; End location; Terminal; Bus;Embarkment
1381;104;415;6;;
1382;415;410;; terminalbus;
1383;410;99;8;;
1384;99;99;8;;1
Pasenger : 508
 Start: 104 End: 60
Segments: 1
ID;Start location; End location; Terminal; Bus;Embarkment
1385;104;60;6;;
Pasenger : 509
 Start: 104 End: 60
Segments: 1
ID;Start location; End location; Terminal; Bus;Embarkment
1386;104;60;6;;
Pasenger : 510
 Start: 104 End: 60
Segments: 1
ID;Start location; End location; Terminal; Bus;Embarkment
1387;104;60;6;;
Pasenger : 511
 Start: 104 End: 60
Segments: 1
ID;Start location; End location; Terminal; Bus;Embarkment
1388;104;60;6;;
Pasenger : 512
 Start: 104 End: 60
Segments: 1
ID;Start location; End location; Terminal; Bus;Embarkment
1389;104;60;6;;
Pasenger : 513
 Start: 278 End: 154
Segments: 4
ID;Start location; End location; Terminal; Bus;Embarkment
1390;278;414;10;;
1391;414;415;; terminalbus;
1392;415;154;6;;
1393;154;154;6;;1
Pasenger : 515
 Start: 174 End: 60
Segments: 1
ID;Start location; End location; Terminal; Bus;Embarkment
1396;174;60;3;;
Pasenger : 516
 Start: 164 End: 60
Segments: 1
ID;Start location; End location; Terminal; Bus;Embarkment
1397;164;60;3;;
Pasenger : 517
 Start: 174 End: 60
Segments: 1
ID;Start location; End location; Terminal; Bus;Embarkment
1398;174;60;3;;
Pasenger : 518
 Start: 174 End: 132
Segments: 4
ID;Start location; End location; Terminal; Bus;Embarkment
1399;174;412;3;;
1400;412;411;; terminalbus;
1401;411;132;9;;
1402;132;132;9;;1
Pasenger : 519
 Start: 157 End: 192
Segments: 4
ID;Start location; End location; Terminal; Bus;Embarkment
1403;157;412;3;;
1404;412;413;; terminalbus;
1405;413;192;4;;
1406;192;192;4;;1
Pasenger : 520
 Start: 160 End: 15
Segments: 4
ID;Start location; End location; Terminal; Bus;Embarkment
1407;160;412;3;;
1408;412;407;; terminalbus;
1409;407;15;2;;
1410;15;15;2;;1
Pasenger : 521
 Start: 340 End: 122
Segments: 2
ID;Start location; End location; Terminal; Bus;Embarkment
1411;340;122;9;;
1412;122;122;9;;1
Pasenger : 523
 Start: 280 End: 89
Segments: 4
ID;Start location; End location; Terminal; Bus;Embarkment
1417;280;414;10;;
1418;414;410;; terminalbus;
1419;410;89;8;;
1420;89;89;8;;1
Pasenger : 524
 Start: 280 End: 130
Segments: 4
ID;Start location; End location; Terminal; Bus;Embarkment
1421;280;414;10;;
1422;414;411;; terminalbus;
1423;411;130;9;;
1424;130;130;9;;1
Pasenger : 525
 Start: 161 End: 174
Segments: 4
ID;Start location; End location; Terminal; Bus;Embarkment
1425;161;415;6;;
1426;415;412;; terminalbus;
1427;412;174;3;;
1428;174;174;3;;1
Pasenger : 526
 Start: 161 End: 60
Segments: 1
ID;Start location; End location; Terminal; Bus;Embarkment
1429;161;60;6;;
Pasenger : 527
 Start: 161 End: 60
Segments: 1
ID;Start location; End location; Terminal; Bus;Embarkment
1430;161;60;6;;
Pasenger : 528
 Start: 161 End: 60
Segments: 1
ID;Start location; End location; Terminal; Bus;Embarkment
1431;161;60;6;;
Pasenger : 529
 Start: 135 End: 60
Segments: 1
ID;Start location; End location; Terminal; Bus;Embarkment
1432;135;60;9;;
Pasenger : 530
 Start: 161 End: 60
Segments: 1
ID;Start location; End location; Terminal; Bus;Embarkment
1433;161;60;6;;
Pasenger : 531
 Start: 161 End: 129
Segments: 4
ID;Start location; End location; Terminal; Bus;Embarkment
1434;161;415;6;;
1435;415;411;; terminalbus;
1436;411;129;9;;
1437;129;129;9;;1
Pasenger : 532
 Start: 295 End: 178
Segments: 4
ID;Start location; End location; Terminal; Bus;Embarkment
1438;295;414;10;;
1439;414;412;; terminalbus;
1440;412;178;3;;
1441;178;178;3;;1
Pasenger : 533
 Start: 200 End: 130
Segments: 4
ID;Start location; End location; Terminal; Bus;Embarkment
1442;200;413;4;;
1443;413;411;; terminalbus;
1444;411;130;9;;
1445;130;130;9;;1
Pasenger : 534
 Start: 201 End: 60
Segments: 1
ID;Start location; End location; Terminal; Bus;Embarkment
1446;201;60;4;;
Pasenger : 535
 Start: 201 End: 60
Segments: 1
ID;Start location; End location; Terminal; Bus;Embarkment
1447;201;60;4;;
Pasenger : 536
 Start: 133 End: 191
Segments: 4
ID;Start location; End location; Terminal; Bus;Embarkment
1448;133;411;9;;
1449;411;413;; terminalbus;
1450;413;191;4;;
1451;191;191;4;;1
Pasenger : 537
 Start: 284 End: 132
Segments: 4
ID;Start location; End location; Terminal; Bus;Embarkment
1452;284;414;10;;
1453;414;411;; terminalbus;
1454;411;132;9;;
1455;132;132;9;;1
Pasenger : 538
 Start: 284 End: 139
Segments: 4
ID;Start location; End location; Terminal; Bus;Embarkment
1456;284;414;10;;
1457;414;415;; terminalbus;
1458;415;139;6;;
1459;139;139;6;;1
Pasenger : 539
 Start: 349 End: 132
Segments: 2
ID;Start location; End location; Terminal; Bus;Embarkment
1460;349;132;9;;
1461;132;132;9;;1
Pasenger : 540
 Start: 371 End: 197
Segments: 2
ID;Start location; End location; Terminal; Bus;Embarkment
1462;371;197;4;;
1463;197;197;4;;1
Pasenger : 542
 Start: 371 End: 192
Segments: 2
ID;Start location; End location; Terminal; Bus;Embarkment
1466;371;192;4;;
1467;192;192;4;;1
Pasenger : 543
 Start: 131 End: 60
Segments: 1
ID;Start location; End location; Terminal; Bus;Embarkment
1468;131;60;9;;
Pasenger : 544
 Start: 131 End: 60
Segments: 1
ID;Start location; End location; Terminal; Bus;Embarkment
1469;131;60;9;;
Pasenger : 545
 Start: 131 End: 60
Segments: 1
ID;Start location; End location; Terminal; Bus;Embarkment
1470;131;60;9;;
Pasenger : 546
 Start: 131 End: 129
Segments: 2
ID;Start location; End location; Terminal; Bus;Embarkment
1471;131;129;9;;
1472;129;129;9;;1
Pasenger : 547
 Start: 131 End: 129
Segments: 2
ID;Start location; End location; Terminal; Bus;Embarkment
1473;131;129;9;;
1474;129;129;9;;1
Pasenger : 548
 Start: 131 End: 266
Segments: 1
ID;Start location; End location; Terminal; Bus;Embarkment
1475;131;266;9;;
Pasenger : 549
 Start: 166 End: 139
Segments: 4
ID;Start location; End location; Terminal; Bus;Embarkment
1476;166;412;3;;
1477;412;415;; terminalbus;
1478;415;139;6;;
1479;139;139;6;;1
Pasenger : 550
 Start: 123 End: 60
Segments: 1
ID;Start location; End location; Terminal; Bus;Embarkment
1480;123;60;9;;
Pasenger : 551
 Start: 178 End: 60
Segments: 1
ID;Start location; End location; Terminal; Bus;Embarkment
1481;178;60;3;;
Pasenger : 552
 Start: 349 End: 130
Segments: 2
ID;Start location; End location; Terminal; Bus;Embarkment
1482;349;130;9;;
1483;130;130;9;;1
Pasenger : 553
 Start: 61 End: 132
Segments: 2
ID;Start location; End location; Terminal; Bus;Embarkment
1484;61;132;9;;
1485;132;132;9;;1
Pasenger : 554
 Start: 371 End: 197
Segments: 2
ID;Start location; End location; Terminal; Bus;Embarkment
1486;371;197;4;;
1487;197;197;4;;1
Pasenger : 555
 Start: 159 End: 132
Segments: 4
ID;Start location; End location; Terminal; Bus;Embarkment
1488;159;412;3;;
1489;412;411;; terminalbus;
1490;411;132;9;;
1491;132;132;9;;1
Pasenger : 556
 Start: 125 End: 127
Segments: 2
ID;Start location; End location; Terminal; Bus;Embarkment
1492;125;127;9;;
1493;127;127;9;;1
Pasenger : 557
 Start: 157 End: 127
Segments: 4
ID;Start location; End location; Terminal; Bus;Embarkment
1494;157;412;3;;
1495;412;411;; terminalbus;
1496;411;127;9;;
1497;127;127;9;;1
Pasenger : 558
 Start: 135 End: 60
Segments: 1
ID;Start location; End location; Terminal; Bus;Embarkment
1498;135;60;9;;
Pasenger : 559
 Start: 135 End: 60
Segments: 1
ID;Start location; End location; Terminal; Bus;Embarkment
1499;135;60;9;;
Pasenger : 560
 Start: 129 End: 60
Segments: 1
ID;Start location; End location; Terminal; Bus;Embarkment
1500;129;60;9;;
Pasenger : 561
 Start: 129 End: 60
Segments: 1
ID;Start location; End location; Terminal; Bus;Embarkment
1501;129;60;9;;
Pasenger : 562
 Start: 133 End: 139
Segments: 4
ID;Start location; End location; Terminal; Bus;Embarkment
1502;133;411;9;;
1503;411;415;; terminalbus;
1504;415;139;6;;
1505;139;139;6;;1
Pasenger : 563
 Start: 168 End: 60
Segments: 1
ID;Start location; End location; Terminal; Bus;Embarkment
1506;168;60;3;;
Pasenger : 564
 Start: 168 End: 60
Segments: 1
ID;Start location; End location; Terminal; Bus;Embarkment
1507;168;60;3;;
Pasenger : 565
 Start: 273 End: 153
Segments: 5
ID;Start location; End location; Terminal; Bus;Embarkment
1508;273;64;; airsidebus;
1509;64;411;9;;
1510;411;415;; terminalbus;
1511;415;153;6;;
1512;153;153;6;;1

